{
 "cells": [
  {
   "cell_type": "code",
   "execution_count": 1,
   "id": "b3dbea96",
   "metadata": {},
   "outputs": [],
   "source": [
    "import pandas as pd\n",
    "data = pd.read_csv('ECA_data.csv')"
   ]
  },
  {
   "cell_type": "code",
   "execution_count": 2,
   "id": "1c1c7143",
   "metadata": {},
   "outputs": [
    {
     "data": {
      "text/html": [
       "<div>\n",
       "<style scoped>\n",
       "    .dataframe tbody tr th:only-of-type {\n",
       "        vertical-align: middle;\n",
       "    }\n",
       "\n",
       "    .dataframe tbody tr th {\n",
       "        vertical-align: top;\n",
       "    }\n",
       "\n",
       "    .dataframe thead th {\n",
       "        text-align: right;\n",
       "    }\n",
       "</style>\n",
       "<table border=\"1\" class=\"dataframe\">\n",
       "  <thead>\n",
       "    <tr style=\"text-align: right;\">\n",
       "      <th></th>\n",
       "      <th>ID</th>\n",
       "      <th>LIMIT</th>\n",
       "      <th>BALANCE</th>\n",
       "      <th>INCOME</th>\n",
       "      <th>RATING</th>\n",
       "      <th>GENDER</th>\n",
       "      <th>EDUCATION</th>\n",
       "      <th>MARITAL</th>\n",
       "      <th>AGE</th>\n",
       "      <th>S1</th>\n",
       "      <th>...</th>\n",
       "      <th>B1</th>\n",
       "      <th>B2</th>\n",
       "      <th>B3</th>\n",
       "      <th>B4</th>\n",
       "      <th>B5</th>\n",
       "      <th>R1</th>\n",
       "      <th>R2</th>\n",
       "      <th>R3</th>\n",
       "      <th>R4</th>\n",
       "      <th>R5</th>\n",
       "    </tr>\n",
       "  </thead>\n",
       "  <tbody>\n",
       "    <tr>\n",
       "      <th>0</th>\n",
       "      <td>1</td>\n",
       "      <td>210000</td>\n",
       "      <td>0.00</td>\n",
       "      <td>235822</td>\n",
       "      <td>1</td>\n",
       "      <td>1</td>\n",
       "      <td>1.0</td>\n",
       "      <td>2.0</td>\n",
       "      <td>30</td>\n",
       "      <td>0</td>\n",
       "      <td>...</td>\n",
       "      <td>0</td>\n",
       "      <td>0</td>\n",
       "      <td>0</td>\n",
       "      <td>0</td>\n",
       "      <td>0</td>\n",
       "      <td>0</td>\n",
       "      <td>0</td>\n",
       "      <td>0</td>\n",
       "      <td>0</td>\n",
       "      <td>0</td>\n",
       "    </tr>\n",
       "    <tr>\n",
       "      <th>1</th>\n",
       "      <td>2</td>\n",
       "      <td>260000</td>\n",
       "      <td>10928.05</td>\n",
       "      <td>278481</td>\n",
       "      <td>0</td>\n",
       "      <td>0</td>\n",
       "      <td>2.0</td>\n",
       "      <td>2.0</td>\n",
       "      <td>31</td>\n",
       "      <td>0</td>\n",
       "      <td>...</td>\n",
       "      <td>54074</td>\n",
       "      <td>46407</td>\n",
       "      <td>38874</td>\n",
       "      <td>31324</td>\n",
       "      <td>24031</td>\n",
       "      <td>2000</td>\n",
       "      <td>2000</td>\n",
       "      <td>2000</td>\n",
       "      <td>2000</td>\n",
       "      <td>72000</td>\n",
       "    </tr>\n",
       "    <tr>\n",
       "      <th>2</th>\n",
       "      <td>3</td>\n",
       "      <td>400000</td>\n",
       "      <td>65397.85</td>\n",
       "      <td>431993</td>\n",
       "      <td>0</td>\n",
       "      <td>0</td>\n",
       "      <td>3.0</td>\n",
       "      <td>1.0</td>\n",
       "      <td>51</td>\n",
       "      <td>0</td>\n",
       "      <td>...</td>\n",
       "      <td>343591</td>\n",
       "      <td>352484</td>\n",
       "      <td>338823</td>\n",
       "      <td>283288</td>\n",
       "      <td>185288</td>\n",
       "      <td>15000</td>\n",
       "      <td>14000</td>\n",
       "      <td>11500</td>\n",
       "      <td>8000</td>\n",
       "      <td>7000</td>\n",
       "    </tr>\n",
       "    <tr>\n",
       "      <th>3</th>\n",
       "      <td>4</td>\n",
       "      <td>20000</td>\n",
       "      <td>3695.30</td>\n",
       "      <td>22368</td>\n",
       "      <td>0</td>\n",
       "      <td>0</td>\n",
       "      <td>2.0</td>\n",
       "      <td>1.0</td>\n",
       "      <td>58</td>\n",
       "      <td>-1</td>\n",
       "      <td>...</td>\n",
       "      <td>21470</td>\n",
       "      <td>200</td>\n",
       "      <td>0</td>\n",
       "      <td>28740</td>\n",
       "      <td>1295</td>\n",
       "      <td>0</td>\n",
       "      <td>0</td>\n",
       "      <td>28740</td>\n",
       "      <td>1565</td>\n",
       "      <td>0</td>\n",
       "    </tr>\n",
       "    <tr>\n",
       "      <th>4</th>\n",
       "      <td>5</td>\n",
       "      <td>180000</td>\n",
       "      <td>68.25</td>\n",
       "      <td>166900</td>\n",
       "      <td>0</td>\n",
       "      <td>1</td>\n",
       "      <td>2.0</td>\n",
       "      <td>1.0</td>\n",
       "      <td>42</td>\n",
       "      <td>0</td>\n",
       "      <td>...</td>\n",
       "      <td>1260</td>\n",
       "      <td>598</td>\n",
       "      <td>2056</td>\n",
       "      <td>4300</td>\n",
       "      <td>1802</td>\n",
       "      <td>598</td>\n",
       "      <td>2056</td>\n",
       "      <td>4300</td>\n",
       "      <td>1802</td>\n",
       "      <td>3691</td>\n",
       "    </tr>\n",
       "  </tbody>\n",
       "</table>\n",
       "<p>5 rows × 24 columns</p>\n",
       "</div>"
      ],
      "text/plain": [
       "   ID   LIMIT   BALANCE  INCOME  RATING  GENDER  EDUCATION  MARITAL  AGE  S1  \\\n",
       "0   1  210000      0.00  235822       1       1        1.0      2.0   30   0   \n",
       "1   2  260000  10928.05  278481       0       0        2.0      2.0   31   0   \n",
       "2   3  400000  65397.85  431993       0       0        3.0      1.0   51   0   \n",
       "3   4   20000   3695.30   22368       0       0        2.0      1.0   58  -1   \n",
       "4   5  180000     68.25  166900       0       1        2.0      1.0   42   0   \n",
       "\n",
       "   ...      B1      B2      B3      B4      B5     R1     R2     R3    R4  \\\n",
       "0  ...       0       0       0       0       0      0      0      0     0   \n",
       "1  ...   54074   46407   38874   31324   24031   2000   2000   2000  2000   \n",
       "2  ...  343591  352484  338823  283288  185288  15000  14000  11500  8000   \n",
       "3  ...   21470     200       0   28740    1295      0      0  28740  1565   \n",
       "4  ...    1260     598    2056    4300    1802    598   2056   4300  1802   \n",
       "\n",
       "      R5  \n",
       "0      0  \n",
       "1  72000  \n",
       "2   7000  \n",
       "3      0  \n",
       "4   3691  \n",
       "\n",
       "[5 rows x 24 columns]"
      ]
     },
     "execution_count": 2,
     "metadata": {},
     "output_type": "execute_result"
    }
   ],
   "source": [
    "data.head()"
   ]
  },
  {
   "cell_type": "code",
   "execution_count": 3,
   "id": "11c8a90e",
   "metadata": {},
   "outputs": [
    {
     "name": "stdout",
     "output_type": "stream",
     "text": [
      "<class 'pandas.core.frame.DataFrame'>\n",
      "RangeIndex: 18769 entries, 0 to 18768\n",
      "Data columns (total 24 columns):\n",
      " #   Column     Non-Null Count  Dtype  \n",
      "---  ------     --------------  -----  \n",
      " 0   ID         18769 non-null  int64  \n",
      " 1   LIMIT      18769 non-null  int64  \n",
      " 2   BALANCE    18769 non-null  float64\n",
      " 3   INCOME     18769 non-null  int64  \n",
      " 4   RATING     18769 non-null  int64  \n",
      " 5   GENDER     18769 non-null  int64  \n",
      " 6   EDUCATION  18756 non-null  float64\n",
      " 7   MARITAL    18731 non-null  float64\n",
      " 8   AGE        18769 non-null  int64  \n",
      " 9   S1         18769 non-null  int64  \n",
      " 10  S2         18769 non-null  int64  \n",
      " 11  S3         18769 non-null  int64  \n",
      " 12  S4         18769 non-null  int64  \n",
      " 13  S5         18769 non-null  int64  \n",
      " 14  B1         18769 non-null  int64  \n",
      " 15  B2         18769 non-null  int64  \n",
      " 16  B3         18769 non-null  int64  \n",
      " 17  B4         18769 non-null  int64  \n",
      " 18  B5         18769 non-null  int64  \n",
      " 19  R1         18769 non-null  int64  \n",
      " 20  R2         18769 non-null  int64  \n",
      " 21  R3         18769 non-null  object \n",
      " 22  R4         18769 non-null  int64  \n",
      " 23  R5         18769 non-null  int64  \n",
      "dtypes: float64(3), int64(20), object(1)\n",
      "memory usage: 3.4+ MB\n"
     ]
    }
   ],
   "source": [
    "data.info()"
   ]
  },
  {
   "cell_type": "code",
   "execution_count": 4,
   "id": "1dfdc1e1",
   "metadata": {},
   "outputs": [],
   "source": [
    "#Categorical data is rating, gender, education, marital, S(n) while numerical is ID, limit, balance, income, all the variables with B and all\n",
    "#the variables with R"
   ]
  },
  {
   "cell_type": "markdown",
   "id": "ca3296a4",
   "metadata": {},
   "source": [
    "## Data processing, 4 steps:"
   ]
  },
  {
   "cell_type": "markdown",
   "id": "44c3ed65",
   "metadata": {},
   "source": [
    "first step"
   ]
  },
  {
   "cell_type": "code",
   "execution_count": 6,
   "id": "676eaa93",
   "metadata": {},
   "outputs": [],
   "source": [
    "#Now I need to convert rating, gender, education, marital, S(n) into category data type:\n",
    "data['RATING'] = data['RATING'].astype('category')\n",
    "data['GENDER'] = data['GENDER'].astype('category')\n",
    "data['EDUCATION'] = data['EDUCATION'].astype('category')\n",
    "data['MARITAL'] = data['MARITAL'].astype('category')\n",
    "data['S1'] = data['S1'].astype('category')\n",
    "data['S2'] = data['S2'].astype('category')\n",
    "data['S3'] = data['S3'].astype('category')\n",
    "data['S4'] = data['S4'].astype('category')\n",
    "data['S5'] = data['S5'].astype('category')"
   ]
  },
  {
   "cell_type": "markdown",
   "id": "2a8cda78",
   "metadata": {},
   "source": [
    "second step"
   ]
  },
  {
   "cell_type": "code",
   "execution_count": 10,
   "id": "451c77d6",
   "metadata": {},
   "outputs": [
    {
     "name": "stderr",
     "output_type": "stream",
     "text": [
      "C:\\Users\\User\\AppData\\Local\\Temp\\ipykernel_15164\\590634152.py:2: FutureWarning: The default value of regex will change from True to False in a future version. In addition, single character regular expressions will *not* be treated as literal strings when regex=True.\n",
      "  data['R3'] = data['R3'].str.replace('$', '')\n"
     ]
    }
   ],
   "source": [
    "#Knowing that R3 is object dtype, it means there is a mixture of data\n",
    "data['R3'] = data['R3'].str.replace('$', '')\n",
    "data['R3'] = data['R3'].str.replace(',', '')"
   ]
  },
  {
   "cell_type": "markdown",
   "id": "a7c47b05",
   "metadata": {},
   "source": [
    "third step"
   ]
  },
  {
   "cell_type": "code",
   "execution_count": 12,
   "id": "a3979d22",
   "metadata": {},
   "outputs": [],
   "source": [
    "#Convert R3 into integer type\n",
    "data['R3'] = data['S1'].astype('int')"
   ]
  },
  {
   "cell_type": "code",
   "execution_count": 14,
   "id": "82bedef6",
   "metadata": {},
   "outputs": [
    {
     "name": "stdout",
     "output_type": "stream",
     "text": [
      "<class 'pandas.core.frame.DataFrame'>\n",
      "RangeIndex: 18769 entries, 0 to 18768\n",
      "Data columns (total 24 columns):\n",
      " #   Column     Non-Null Count  Dtype   \n",
      "---  ------     --------------  -----   \n",
      " 0   ID         18769 non-null  int64   \n",
      " 1   LIMIT      18769 non-null  int64   \n",
      " 2   BALANCE    18769 non-null  float64 \n",
      " 3   INCOME     18769 non-null  int64   \n",
      " 4   RATING     18769 non-null  category\n",
      " 5   GENDER     18769 non-null  category\n",
      " 6   EDUCATION  18756 non-null  category\n",
      " 7   MARITAL    18731 non-null  category\n",
      " 8   AGE        18769 non-null  int64   \n",
      " 9   S1         18769 non-null  category\n",
      " 10  S2         18769 non-null  category\n",
      " 11  S3         18769 non-null  category\n",
      " 12  S4         18769 non-null  category\n",
      " 13  S5         18769 non-null  category\n",
      " 14  B1         18769 non-null  int64   \n",
      " 15  B2         18769 non-null  int64   \n",
      " 16  B3         18769 non-null  int64   \n",
      " 17  B4         18769 non-null  int64   \n",
      " 18  B5         18769 non-null  int64   \n",
      " 19  R1         18769 non-null  int64   \n",
      " 20  R2         18769 non-null  int64   \n",
      " 21  R3         18769 non-null  int32   \n",
      " 22  R4         18769 non-null  int64   \n",
      " 23  R5         18769 non-null  int64   \n",
      "dtypes: category(9), float64(1), int32(1), int64(13)\n",
      "memory usage: 2.2 MB\n"
     ]
    }
   ],
   "source": [
    "data.info()"
   ]
  },
  {
   "cell_type": "markdown",
   "id": "dcb07ff7",
   "metadata": {},
   "source": [
    "forth step"
   ]
  },
  {
   "cell_type": "code",
   "execution_count": 16,
   "id": "3ac2e5cc",
   "metadata": {},
   "outputs": [],
   "source": [
    "#Knowing that there are null values in pandas, and since these null values are quite little, it can be dropped with affecting\n",
    "#the credibility of my dataset study\n",
    "data = data.dropna()"
   ]
  },
  {
   "cell_type": "code",
   "execution_count": 18,
   "id": "9c5374ca",
   "metadata": {},
   "outputs": [
    {
     "name": "stdout",
     "output_type": "stream",
     "text": [
      "<class 'pandas.core.frame.DataFrame'>\n",
      "Int64Index: 18720 entries, 0 to 18768\n",
      "Data columns (total 24 columns):\n",
      " #   Column     Non-Null Count  Dtype   \n",
      "---  ------     --------------  -----   \n",
      " 0   ID         18720 non-null  int64   \n",
      " 1   LIMIT      18720 non-null  int64   \n",
      " 2   BALANCE    18720 non-null  float64 \n",
      " 3   INCOME     18720 non-null  int64   \n",
      " 4   RATING     18720 non-null  category\n",
      " 5   GENDER     18720 non-null  category\n",
      " 6   EDUCATION  18720 non-null  category\n",
      " 7   MARITAL    18720 non-null  category\n",
      " 8   AGE        18720 non-null  int64   \n",
      " 9   S1         18720 non-null  category\n",
      " 10  S2         18720 non-null  category\n",
      " 11  S3         18720 non-null  category\n",
      " 12  S4         18720 non-null  category\n",
      " 13  S5         18720 non-null  category\n",
      " 14  B1         18720 non-null  int64   \n",
      " 15  B2         18720 non-null  int64   \n",
      " 16  B3         18720 non-null  int64   \n",
      " 17  B4         18720 non-null  int64   \n",
      " 18  B5         18720 non-null  int64   \n",
      " 19  R1         18720 non-null  int64   \n",
      " 20  R2         18720 non-null  int64   \n",
      " 21  R3         18720 non-null  int32   \n",
      " 22  R4         18720 non-null  int64   \n",
      " 23  R5         18720 non-null  int64   \n",
      "dtypes: category(9), float64(1), int32(1), int64(13)\n",
      "memory usage: 2.4 MB\n"
     ]
    }
   ],
   "source": [
    "data.info()"
   ]
  },
  {
   "cell_type": "markdown",
   "id": "9ee6040a",
   "metadata": {},
   "source": [
    "## Relevant Insights"
   ]
  },
  {
   "cell_type": "markdown",
   "id": "71f272fe",
   "metadata": {},
   "source": [
    "First insight"
   ]
  },
  {
   "cell_type": "code",
   "execution_count": 22,
   "id": "a5bab20e",
   "metadata": {},
   "outputs": [
    {
     "data": {
      "text/html": [
       "<div>\n",
       "<style scoped>\n",
       "    .dataframe tbody tr th:only-of-type {\n",
       "        vertical-align: middle;\n",
       "    }\n",
       "\n",
       "    .dataframe tbody tr th {\n",
       "        vertical-align: top;\n",
       "    }\n",
       "\n",
       "    .dataframe thead th {\n",
       "        text-align: right;\n",
       "    }\n",
       "</style>\n",
       "<table border=\"1\" class=\"dataframe\">\n",
       "  <thead>\n",
       "    <tr style=\"text-align: right;\">\n",
       "      <th></th>\n",
       "      <th>ID</th>\n",
       "      <th>LIMIT</th>\n",
       "      <th>BALANCE</th>\n",
       "      <th>INCOME</th>\n",
       "      <th>AGE</th>\n",
       "      <th>B1</th>\n",
       "      <th>B2</th>\n",
       "      <th>B3</th>\n",
       "      <th>B4</th>\n",
       "      <th>B5</th>\n",
       "      <th>R1</th>\n",
       "      <th>R2</th>\n",
       "      <th>R3</th>\n",
       "      <th>R4</th>\n",
       "      <th>R5</th>\n",
       "    </tr>\n",
       "  </thead>\n",
       "  <tbody>\n",
       "    <tr>\n",
       "      <th>ID</th>\n",
       "      <td>1.000000</td>\n",
       "      <td>0.048844</td>\n",
       "      <td>0.019501</td>\n",
       "      <td>0.048287</td>\n",
       "      <td>0.028305</td>\n",
       "      <td>0.017234</td>\n",
       "      <td>0.019019</td>\n",
       "      <td>0.029171</td>\n",
       "      <td>0.010785</td>\n",
       "      <td>0.010137</td>\n",
       "      <td>0.007719</td>\n",
       "      <td>0.031468</td>\n",
       "      <td>-0.021232</td>\n",
       "      <td>0.007480</td>\n",
       "      <td>0.011879</td>\n",
       "    </tr>\n",
       "    <tr>\n",
       "      <th>LIMIT</th>\n",
       "      <td>0.048844</td>\n",
       "      <td>1.000000</td>\n",
       "      <td>0.288786</td>\n",
       "      <td>0.993755</td>\n",
       "      <td>0.131286</td>\n",
       "      <td>0.279752</td>\n",
       "      <td>0.283731</td>\n",
       "      <td>0.293801</td>\n",
       "      <td>0.301843</td>\n",
       "      <td>0.298001</td>\n",
       "      <td>0.171790</td>\n",
       "      <td>0.203099</td>\n",
       "      <td>-0.233737</td>\n",
       "      <td>0.222919</td>\n",
       "      <td>0.212276</td>\n",
       "    </tr>\n",
       "    <tr>\n",
       "      <th>BALANCE</th>\n",
       "      <td>0.019501</td>\n",
       "      <td>0.288786</td>\n",
       "      <td>1.000000</td>\n",
       "      <td>0.286581</td>\n",
       "      <td>0.053828</td>\n",
       "      <td>0.950955</td>\n",
       "      <td>0.901732</td>\n",
       "      <td>0.861600</td>\n",
       "      <td>0.823913</td>\n",
       "      <td>0.794223</td>\n",
       "      <td>0.110077</td>\n",
       "      <td>0.134402</td>\n",
       "      <td>0.118346</td>\n",
       "      <td>0.155993</td>\n",
       "      <td>0.202676</td>\n",
       "    </tr>\n",
       "    <tr>\n",
       "      <th>INCOME</th>\n",
       "      <td>0.048287</td>\n",
       "      <td>0.993755</td>\n",
       "      <td>0.286581</td>\n",
       "      <td>1.000000</td>\n",
       "      <td>0.130515</td>\n",
       "      <td>0.277560</td>\n",
       "      <td>0.281730</td>\n",
       "      <td>0.291757</td>\n",
       "      <td>0.299650</td>\n",
       "      <td>0.296359</td>\n",
       "      <td>0.169796</td>\n",
       "      <td>0.199396</td>\n",
       "      <td>-0.231282</td>\n",
       "      <td>0.222491</td>\n",
       "      <td>0.210887</td>\n",
       "    </tr>\n",
       "    <tr>\n",
       "      <th>AGE</th>\n",
       "      <td>0.028305</td>\n",
       "      <td>0.131286</td>\n",
       "      <td>0.053828</td>\n",
       "      <td>0.130515</td>\n",
       "      <td>1.000000</td>\n",
       "      <td>0.053606</td>\n",
       "      <td>0.054048</td>\n",
       "      <td>0.054450</td>\n",
       "      <td>0.052226</td>\n",
       "      <td>0.047355</td>\n",
       "      <td>0.016666</td>\n",
       "      <td>0.022300</td>\n",
       "      <td>-0.011113</td>\n",
       "      <td>0.016613</td>\n",
       "      <td>0.016123</td>\n",
       "    </tr>\n",
       "    <tr>\n",
       "      <th>B1</th>\n",
       "      <td>0.017234</td>\n",
       "      <td>0.279752</td>\n",
       "      <td>0.950955</td>\n",
       "      <td>0.277560</td>\n",
       "      <td>0.053606</td>\n",
       "      <td>1.000000</td>\n",
       "      <td>0.939047</td>\n",
       "      <td>0.894237</td>\n",
       "      <td>0.853509</td>\n",
       "      <td>0.824149</td>\n",
       "      <td>0.113995</td>\n",
       "      <td>0.124863</td>\n",
       "      <td>0.116062</td>\n",
       "      <td>0.145367</td>\n",
       "      <td>0.187112</td>\n",
       "    </tr>\n",
       "    <tr>\n",
       "      <th>B2</th>\n",
       "      <td>0.019019</td>\n",
       "      <td>0.283731</td>\n",
       "      <td>0.901732</td>\n",
       "      <td>0.281730</td>\n",
       "      <td>0.054048</td>\n",
       "      <td>0.939047</td>\n",
       "      <td>1.000000</td>\n",
       "      <td>0.930139</td>\n",
       "      <td>0.882184</td>\n",
       "      <td>0.848732</td>\n",
       "      <td>0.284420</td>\n",
       "      <td>0.107930</td>\n",
       "      <td>0.111045</td>\n",
       "      <td>0.155790</td>\n",
       "      <td>0.194387</td>\n",
       "    </tr>\n",
       "    <tr>\n",
       "      <th>B3</th>\n",
       "      <td>0.029171</td>\n",
       "      <td>0.293801</td>\n",
       "      <td>0.861600</td>\n",
       "      <td>0.291757</td>\n",
       "      <td>0.054450</td>\n",
       "      <td>0.894237</td>\n",
       "      <td>0.930139</td>\n",
       "      <td>1.000000</td>\n",
       "      <td>0.935619</td>\n",
       "      <td>0.896676</td>\n",
       "      <td>0.215404</td>\n",
       "      <td>0.293036</td>\n",
       "      <td>0.108806</td>\n",
       "      <td>0.156612</td>\n",
       "      <td>0.191958</td>\n",
       "    </tr>\n",
       "    <tr>\n",
       "      <th>B4</th>\n",
       "      <td>0.010785</td>\n",
       "      <td>0.301843</td>\n",
       "      <td>0.823913</td>\n",
       "      <td>0.299650</td>\n",
       "      <td>0.052226</td>\n",
       "      <td>0.853509</td>\n",
       "      <td>0.882184</td>\n",
       "      <td>0.935619</td>\n",
       "      <td>1.000000</td>\n",
       "      <td>0.945000</td>\n",
       "      <td>0.193003</td>\n",
       "      <td>0.247030</td>\n",
       "      <td>0.115179</td>\n",
       "      <td>0.138986</td>\n",
       "      <td>0.174431</td>\n",
       "    </tr>\n",
       "    <tr>\n",
       "      <th>B5</th>\n",
       "      <td>0.010137</td>\n",
       "      <td>0.298001</td>\n",
       "      <td>0.794223</td>\n",
       "      <td>0.296359</td>\n",
       "      <td>0.047355</td>\n",
       "      <td>0.824149</td>\n",
       "      <td>0.848732</td>\n",
       "      <td>0.896676</td>\n",
       "      <td>0.945000</td>\n",
       "      <td>1.000000</td>\n",
       "      <td>0.179620</td>\n",
       "      <td>0.225031</td>\n",
       "      <td>0.118081</td>\n",
       "      <td>0.304287</td>\n",
       "      <td>0.126806</td>\n",
       "    </tr>\n",
       "    <tr>\n",
       "      <th>R1</th>\n",
       "      <td>0.007719</td>\n",
       "      <td>0.171790</td>\n",
       "      <td>0.110077</td>\n",
       "      <td>0.169796</td>\n",
       "      <td>0.016666</td>\n",
       "      <td>0.113995</td>\n",
       "      <td>0.284420</td>\n",
       "      <td>0.215404</td>\n",
       "      <td>0.193003</td>\n",
       "      <td>0.179620</td>\n",
       "      <td>1.000000</td>\n",
       "      <td>0.289875</td>\n",
       "      <td>-0.075190</td>\n",
       "      <td>0.141859</td>\n",
       "      <td>0.160246</td>\n",
       "    </tr>\n",
       "    <tr>\n",
       "      <th>R2</th>\n",
       "      <td>0.031468</td>\n",
       "      <td>0.203099</td>\n",
       "      <td>0.134402</td>\n",
       "      <td>0.199396</td>\n",
       "      <td>0.022300</td>\n",
       "      <td>0.124863</td>\n",
       "      <td>0.107930</td>\n",
       "      <td>0.293036</td>\n",
       "      <td>0.247030</td>\n",
       "      <td>0.225031</td>\n",
       "      <td>0.289875</td>\n",
       "      <td>1.000000</td>\n",
       "      <td>-0.084832</td>\n",
       "      <td>0.163579</td>\n",
       "      <td>0.176228</td>\n",
       "    </tr>\n",
       "    <tr>\n",
       "      <th>R3</th>\n",
       "      <td>-0.021232</td>\n",
       "      <td>-0.233737</td>\n",
       "      <td>0.118346</td>\n",
       "      <td>-0.231282</td>\n",
       "      <td>-0.011113</td>\n",
       "      <td>0.116062</td>\n",
       "      <td>0.111045</td>\n",
       "      <td>0.108806</td>\n",
       "      <td>0.115179</td>\n",
       "      <td>0.118081</td>\n",
       "      <td>-0.075190</td>\n",
       "      <td>-0.084832</td>\n",
       "      <td>1.000000</td>\n",
       "      <td>-0.058938</td>\n",
       "      <td>-0.048922</td>\n",
       "    </tr>\n",
       "    <tr>\n",
       "      <th>R4</th>\n",
       "      <td>0.007480</td>\n",
       "      <td>0.222919</td>\n",
       "      <td>0.155993</td>\n",
       "      <td>0.222491</td>\n",
       "      <td>0.016613</td>\n",
       "      <td>0.145367</td>\n",
       "      <td>0.155790</td>\n",
       "      <td>0.156612</td>\n",
       "      <td>0.138986</td>\n",
       "      <td>0.304287</td>\n",
       "      <td>0.141859</td>\n",
       "      <td>0.163579</td>\n",
       "      <td>-0.058938</td>\n",
       "      <td>1.000000</td>\n",
       "      <td>0.150187</td>\n",
       "    </tr>\n",
       "    <tr>\n",
       "      <th>R5</th>\n",
       "      <td>0.011879</td>\n",
       "      <td>0.212276</td>\n",
       "      <td>0.202676</td>\n",
       "      <td>0.210887</td>\n",
       "      <td>0.016123</td>\n",
       "      <td>0.187112</td>\n",
       "      <td>0.194387</td>\n",
       "      <td>0.191958</td>\n",
       "      <td>0.174431</td>\n",
       "      <td>0.126806</td>\n",
       "      <td>0.160246</td>\n",
       "      <td>0.176228</td>\n",
       "      <td>-0.048922</td>\n",
       "      <td>0.150187</td>\n",
       "      <td>1.000000</td>\n",
       "    </tr>\n",
       "  </tbody>\n",
       "</table>\n",
       "</div>"
      ],
      "text/plain": [
       "               ID     LIMIT   BALANCE    INCOME       AGE        B1        B2  \\\n",
       "ID       1.000000  0.048844  0.019501  0.048287  0.028305  0.017234  0.019019   \n",
       "LIMIT    0.048844  1.000000  0.288786  0.993755  0.131286  0.279752  0.283731   \n",
       "BALANCE  0.019501  0.288786  1.000000  0.286581  0.053828  0.950955  0.901732   \n",
       "INCOME   0.048287  0.993755  0.286581  1.000000  0.130515  0.277560  0.281730   \n",
       "AGE      0.028305  0.131286  0.053828  0.130515  1.000000  0.053606  0.054048   \n",
       "B1       0.017234  0.279752  0.950955  0.277560  0.053606  1.000000  0.939047   \n",
       "B2       0.019019  0.283731  0.901732  0.281730  0.054048  0.939047  1.000000   \n",
       "B3       0.029171  0.293801  0.861600  0.291757  0.054450  0.894237  0.930139   \n",
       "B4       0.010785  0.301843  0.823913  0.299650  0.052226  0.853509  0.882184   \n",
       "B5       0.010137  0.298001  0.794223  0.296359  0.047355  0.824149  0.848732   \n",
       "R1       0.007719  0.171790  0.110077  0.169796  0.016666  0.113995  0.284420   \n",
       "R2       0.031468  0.203099  0.134402  0.199396  0.022300  0.124863  0.107930   \n",
       "R3      -0.021232 -0.233737  0.118346 -0.231282 -0.011113  0.116062  0.111045   \n",
       "R4       0.007480  0.222919  0.155993  0.222491  0.016613  0.145367  0.155790   \n",
       "R5       0.011879  0.212276  0.202676  0.210887  0.016123  0.187112  0.194387   \n",
       "\n",
       "               B3        B4        B5        R1        R2        R3        R4  \\\n",
       "ID       0.029171  0.010785  0.010137  0.007719  0.031468 -0.021232  0.007480   \n",
       "LIMIT    0.293801  0.301843  0.298001  0.171790  0.203099 -0.233737  0.222919   \n",
       "BALANCE  0.861600  0.823913  0.794223  0.110077  0.134402  0.118346  0.155993   \n",
       "INCOME   0.291757  0.299650  0.296359  0.169796  0.199396 -0.231282  0.222491   \n",
       "AGE      0.054450  0.052226  0.047355  0.016666  0.022300 -0.011113  0.016613   \n",
       "B1       0.894237  0.853509  0.824149  0.113995  0.124863  0.116062  0.145367   \n",
       "B2       0.930139  0.882184  0.848732  0.284420  0.107930  0.111045  0.155790   \n",
       "B3       1.000000  0.935619  0.896676  0.215404  0.293036  0.108806  0.156612   \n",
       "B4       0.935619  1.000000  0.945000  0.193003  0.247030  0.115179  0.138986   \n",
       "B5       0.896676  0.945000  1.000000  0.179620  0.225031  0.118081  0.304287   \n",
       "R1       0.215404  0.193003  0.179620  1.000000  0.289875 -0.075190  0.141859   \n",
       "R2       0.293036  0.247030  0.225031  0.289875  1.000000 -0.084832  0.163579   \n",
       "R3       0.108806  0.115179  0.118081 -0.075190 -0.084832  1.000000 -0.058938   \n",
       "R4       0.156612  0.138986  0.304287  0.141859  0.163579 -0.058938  1.000000   \n",
       "R5       0.191958  0.174431  0.126806  0.160246  0.176228 -0.048922  0.150187   \n",
       "\n",
       "               R5  \n",
       "ID       0.011879  \n",
       "LIMIT    0.212276  \n",
       "BALANCE  0.202676  \n",
       "INCOME   0.210887  \n",
       "AGE      0.016123  \n",
       "B1       0.187112  \n",
       "B2       0.194387  \n",
       "B3       0.191958  \n",
       "B4       0.174431  \n",
       "B5       0.126806  \n",
       "R1       0.160246  \n",
       "R2       0.176228  \n",
       "R3      -0.048922  \n",
       "R4       0.150187  \n",
       "R5       1.000000  "
      ]
     },
     "execution_count": 22,
     "metadata": {},
     "output_type": "execute_result"
    }
   ],
   "source": [
    "data.corr()"
   ]
  },
  {
   "cell_type": "code",
   "execution_count": 20,
   "id": "9d6153b1",
   "metadata": {},
   "outputs": [
    {
     "data": {
      "text/plain": [
       "<matplotlib.collections.PathCollection at 0x23ed33c9d00>"
      ]
     },
     "execution_count": 20,
     "metadata": {},
     "output_type": "execute_result"
    },
    {
     "data": {
