id,invt_amt,x_1,x_2,x_3,x_4,x_5,x_6,x_7,w_1,w_2,w_3,w_4,w_5,w_6,w_7
1,410,NYSEARCA:RYE,NYSEARCA:XOP,NYSEARCA:PXE,NYSEARCA:VAW,NYSEARCA:PYZ,,,0.455010089,0.263217176,0.028959989,0.102651944,0.150160802,,
2,310,NYSEARCA:XOP,NYSEARCA:XES,NYSEARCA:VAW,,,,,0.541295814,0.189734586,0.2689696,,,,
3,430,NYSEARCA:XOP,NYSEARCA:PXJ,NYSEARCA:IYM,NYSEARCA:JKH,,,,0.488191296,0.262604732,0.067122638,0.182081334,,,
4,460,NYSEARCA:XES,NYSEARCA:PXI,NYSEARCA:VAW,NYSEARCA:PYZ,,,,0.417127753,0.484994068,0.029230243,0.068647936,,,
5,4520,NYSEARCA:XOP,NYSEARCA:VDE,NYSEARCA:EWC,NYSEARCA:FVL,,,,0.461548659,0.303629642,0.228779078,0.006042622,,,
6,1920,NYSEARCA:IYE,NYSEARCA:XES,NYSEARCA:JKH,NYSEARCA:IGM,,,,0.659033463,0.212342403,0.096903091,0.031721043,,,
7,680,NYSEARCA:PXE,NYSEARCA:VDE,NYSEARCA:XME,NYSEARCA:FVL,NYSEARCA:IGM,,,0.454465388,0.40963321,0.047949853,0.056052972,0.031898576,,
8,3630,NYSEARCA:IEO,NYSEARCA:RYE,NYSEARCA:IEZ,NYSEARCA:JKH,,,,0.33594502,0.356391633,0.0802005,0.227462847,,,
9,420,NYSEARCA:IEZ,NYSEARCA:XOP,NYSEARCA:XBI,NYSEARCA:ITA,NYSEARCA:IHF,,,0.35542186,0.164334913,0.413307661,0.065496276,0.00143929,,
10,3200,NYSEARCA:XOP,NYSEARCA:PXJ,NYSEARCA:PXE,NYSEARCA:JKH,NYSEARCA:EVX,,,0.4187478,0.251736083,0.137676687,0.134741845,0.057097586,,
11,650,NYSEARCA:IYE,NYSEARCA:PXJ,NYSEARCA:VDE,NYSEARCA:JKH,NYSEARCA:EVX,,,0.461706419,0.289357486,0.100159756,0.060457945,0.088318394,,
12,4590,NYSEARCA:IEO,NYSEARCA:FVL,NYSEARCA:IGM,,,,,0.776409232,0.087438635,0.136152134,,,,
13,680,NYSEARCA:RYE,NYSEARCA:XES,NYSEARCA:XME,NYSEARCA:RYH,,,,0.60209214,0.160576348,0.091402296,0.145929215,,,
14,1810,NYSEARCA:XOP,NYSEARCA:PXJ,NYSEARCA:IYM,NYSEARCA:VOT,,,,0.503493054,0.229273113,0.134659965,0.132573869,,,
15,3930,NYSEARCA:RYE,NYSEARCA:XOP,NYSEARCA:VDE,NYSEARCA:VAW,NYSEARCA:PYZ,,,0.458787093,0.27658487,0.008632761,0.087616001,0.168379275,,
16,980,NYSEARCA:XOP,NYSEARCA:PXJ,NYSEARCA:XES,NYSEARCA:FVL,NYSEARCA:IGM,,,0.502084755,0.232528831,0.069080595,0.052743807,0.143562011,,
17,1060,NYSEARCA:RYE,NYSEARCA:PXE,NYSEARCA:FVL,NYSEARCA:EVX,NYSEARCA:IGM,,,0.581814198,0.274954121,0.043687677,0.014461688,0.085082317,,
18,2100,NYSEARCA:PXJ,NYSEARCA:PXE,NYSEARCA:XES,NYSEARCA:FVL,NYSEARCA:IGM,,,0.283896074,0.495599267,0.056591807,0.027681297,0.136231555,,
19,1880,NYSEARCA:IEZ,NYSEARCA:IHI,NYSEARCA:XME,NYSEARCA:IHF,,,,0.606112455,0.049491602,0.068657282,0.275738662,,,
20,750,NYSEARCA:PXE,NYSEARCA:XLE,NYSEARCA:IHF,,,,,0.785148762,0.127020323,0.087830915,,,,
21,130,NYSEARCA:IEO,NYSEARCA:EWC,NYSEARCA:JKH,NYSEARCA:IGM,,,,0.694387036,0.178944477,0.074094768,0.052573719,,,
22,1270,NYSEARCA:PXJ,NYSEARCA:PXE,NYSEARCA:EWC,NYSEARCA:EVX,,,,0.281444631,0.423101784,0.249280467,0.046173118,,,
23,1160,NYSEARCA:RYE,NYSEARCA:PXE,NYSEARCA:XME,NYSEARCA:IHF,,,,0.586884129,0.167614854,0.084968332,0.160532685,,,
24,330,NYSEARCA:IEO,NYSEARCA:RYE,NYSEARCA:IEZ,NYSEARCA:XOP,NYSEARCA:IGV,,,0.298960611,0.354123757,0.100841116,0.053019587,0.193054928,,
25,260,NYSEARCA:IEO,NYSEARCA:RYE,NYSEARCA:PXJ,NYSEARCA:FVL,NYSEARCA:IGV,,,0.414602147,0.40168056,0.003745728,0.008663507,0.171308058,,
26,2780,NYSEARCA:RYE,NYSEARCA:IEZ,NYSEARCA:PXE,NYSEARCA:IYM,NYSEARCA:JKH,,,0.450776779,0.167335766,0.168758703,0.00274992,0.210378832,,
27,2490,NYSEARCA:XOP,NYSEARCA:IYE,NYSEARCA:PXJ,NYSEARCA:IYM,NYSEARCA:IGV,,,0.446528239,0.117492416,0.250053506,0.031172462,0.154753377,,
28,3060,NYSEARCA:PXJ,NYSEARCA:XES,NYSEARCA:PXI,NYSEARCA:FVL,NYSEARCA:IGV,,,0.443221609,0.199339362,0.169550905,0.026631377,0.161256747,,
29,260,NYSEARCA:XOP,NYSEARCA:PXJ,NYSEARCA:XES,NYSEARCA:IGV,,,,0.496144162,0.254887082,0.065157555,0.183811201,,,
30,3110,NYSEARCA:IEO,NYSEARCA:IEZ,NYSEARCA:XOP,NYSEARCA:EWC,NYSEARCA:IGM,,,0.460663901,0.189614636,0.041622211,0.149452602,0.15864665,,
31,5210,NYSEARCA:RYE,NYSEARCA:XOP,NYSEARCA:IYE,NYSEARCA:EWC,NYSEARCA:EVX,,,0.473657455,0.282025185,0.002673981,0.162653396,0.078989983,,
32,220,NYSEARCA:RYE,NYSEARCA:IYE,NYSEARCA:PXJ,NYSEARCA:EWC,NYSEARCA:JKH,,,0.514259415,0.174292488,0.041783738,0.217717731,0.051946628,,
33,730,NYSEARCA:IEO,NYSEARCA:XOP,NYSEARCA:IYE,NYSEARCA:EVX,,,,0.699032165,0.03049052,0.07127073,0.199206585,,,
34,1790,NYSEARCA:RYE,NYSEARCA:XES,NYSEARCA:VAW,,,,,0.669576627,0.068541334,0.261882039,,,,
35,800,NYSEARCA:IEZ,NYSEARCA:XOP,NYSEARCA:PPA,,,,,0.329588357,0.380354879,0.290056763,,,,
36,1770,NYSEARCA:XES,NYSEARCA:XLE,NYSEARCA:PXI,NYSEARCA:XME,NYSEARCA:EWC,NYSEARCA:PPA,,0.506228773,0.010903325,0.009521725,0.100431615,0.216948301,0.155966261,
37,4390,NYSEARCA:IYE,NYSEARCA:XES,NYSEARCA:XME,NYSEARCA:FVL,NYSEARCA:IGV,,,0.571879781,0.206303182,0.079990934,0.031306936,0.110519166,,
38,120,NYSEARCA:IEZ,NYSEARCA:XOP,NYSEARCA:ITA,NYSEARCA:IHI,,,,0.359189376,0.266692737,0.316735782,0.057382105,,,
39,560,NYSEARCA:PXJ,NYSEARCA:XES,NYSEARCA:XLE,NYSEARCA:XME,NYSEARCA:JKH,,,0.357555974,0.222611136,0.086824651,0.063413052,0.269595187,,
40,1050,NYSEARCA:XOP,NYSEARCA:PXE,NYSEARCA:IYM,NYSEARCA:EVX,,,,0.470244561,0.288793155,0.184837194,0.05612509,,,
41,3070,NYSEARCA:IEZ,NYSEARCA:XOP,NYSEARCA:IHI,,,,,0.410347583,0.313076957,0.27657546,,,,
42,900,NYSEARCA:VDE,NYSEARCA:XES,NYSEARCA:XME,NYSEARCA:EVX,,,,0.617044324,0.205380553,0.06455019,0.113024933,,,
43,1000,NYSEARCA:IEO,NYSEARCA:XOP,NYSEARCA:IYE,NYSEARCA:JKH,NYSEARCA:EVX,,,0.714771463,0.025460108,0.043649276,0.12177849,0.094340663,,
44,2480,NYSEARCA:IEZ,NYSEARCA:PXI,NYSEARCA:XME,NYSEARCA:JKH,NYSEARCA:IGM,,,0.572826453,0.099153811,0.041599666,0.124692031,0.161728039,,
45,1760,NYSEARCA:IYE,NYSEARCA:PXI,NYSEARCA:IYM,NYSEARCA:FVL,NYSEARCA:IGV,,,0.803269409,0.041042612,0.140860337,0.005684868,0.009142774,,
46,870,NYSEARCA:IEZ,NYSEARCA:VDE,NYSEARCA:EWC,NYSEARCA:EVX,NYSEARCA:IGM,,,0.432961925,0.153128732,0.314597744,0.093113973,0.006197626,,
47,440,NYSEARCA:RYE,NYSEARCA:PXJ,NYSEARCA:XES,NYSEARCA:PXI,NYSEARCA:EWC,,,0.560388717,0.05979912,0.014302831,0.016002109,0.349507223,,
48,3390,NYSEARCA:RYE,NYSEARCA:XME,NYSEARCA:EWC,NYSEARCA:FVL,NYSEARCA:EVX,,,0.68364777,0.023142507,0.228095746,0.038317693,0.026796285,,
49,1590,NYSEARCA:IEO,NYSEARCA:IYE,NYSEARCA:VOT,,,,,0.725231743,0.070674833,0.204093424,,,,
50,1350,NYSEARCA:PXJ,NYSEARCA:XES,NYSEARCA:EVX,NYSEARCA:IGV,,,,0.515184536,0.240100291,0.030229329,0.214485844,,,
51,1080,NYSEARCA:IEO,NYSEARCA:IEZ,NYSEARCA:XOP,NYSEARCA:VOT,NYSEARCA:EVX,,,0.539886848,0.186451323,0.03127099,0.001133651,0.241257187,,
52,2670,NYSEARCA:PXE,NYSEARCA:VDE,NYSEARCA:XES,NYSEARCA:RYH,,,,0.521248435,0.013318961,0.349790002,0.115642602,,,
53,1240,NYSEARCA:PXE,NYSEARCA:XES,NYSEARCA:PXI,NYSEARCA:XME,,,,0.468147723,0.091524931,0.436858425,0.00346892,,,
54,870,NYSEARCA:PXJ,NYSEARCA:XES,NYSEARCA:XLE,NYSEARCA:EWC,NYSEARCA:VOT,,,0.283991452,0.232868965,0.026503413,0.442686818,0.013949352,,
55,1050,NYSEARCA:IYE,NYSEARCA:PXJ,NYSEARCA:PXI,NYSEARCA:IYM,,,,0.493247627,0.140942762,0.140509134,0.225300478,,,
56,2080,NYSEARCA:IEZ,NYSEARCA:PXI,NYSEARCA:IYM,NYSEARCA:FVL,NYSEARCA:EVX,,,0.53929246,0.095129253,0.12487008,0.107727043,0.132981164,,
57,5550,NYSEARCA:IEO,NYSEARCA:XOP,NYSEARCA:IYE,NYSEARCA:PYZ,,,,0.416619104,0.161174545,0.127814107,0.294392244,,,
58,2480,NYSEARCA:RYE,NYSEARCA:PXE,NYSEARCA:XBI,NYSEARCA:XES,,,,0.438685685,0.049282354,0.350449092,0.161582868,,,
59,1700,NYSEARCA:XES,NYSEARCA:PXI,NYSEARCA:XME,NYSEARCA:JKH,,,,0.420180786,0.297387172,0.126779647,0.155652395,,,
60,1380,NYSEARCA:PXE,NYSEARCA:XES,NYSEARCA:EWC,NYSEARCA:IGV,,,,0.451581396,0.268956301,0.244804906,0.034657396,,,
61,1020,NYSEARCA:RYE,NYSEARCA:XOP,NYSEARCA:PXJ,NYSEARCA:EWC,NYSEARCA:JKH,,,0.450236163,0.269619859,0.020651449,0.172553832,0.086938697,,
62,2340,NYSEARCA:IEO,NYSEARCA:XOP,NYSEARCA:XES,NYSEARCA:VOT,,,,0.649029152,0.064273219,0.07355341,0.213144219,,,
63,1600,NYSEARCA:IEZ,NYSEARCA:IYE,NYSEARCA:VDE,NYSEARCA:VAW,,,,0.189326719,0.307555877,0.284641528,0.218475875,,,
64,1950,NYSEARCA:IEO,NYSEARCA:XES,NYSEARCA:EVX,NYSEARCA:IGM,,,,0.702450691,0.087842492,0.079296152,0.130410665,,,
65,420,NYSEARCA:PXE,NYSEARCA:XES,NYSEARCA:XME,NYSEARCA:RYH,,,,0.441472872,0.319948254,0.105191565,0.13338731,,,
66,1160,NYSEARCA:PXJ,NYSEARCA:PXE,NYSEARCA:XES,NYSEARCA:IYM,NYSEARCA:IGV,,,0.264820692,0.458790015,0.06637148,0.084857849,0.125159964,,
67,220,NYSEARCA:XOP,NYSEARCA:XLE,NYSEARCA:PXI,NYSEARCA:EVX,,,,0.669884912,0.075831785,0.155713533,0.09856977,,,
68,430,NYSEARCA:PXJ,NYSEARCA:XES,NYSEARCA:XME,NYSEARCA:VOT,,,,0.402420631,0.250233561,0.085407483,0.261938324,,,
69,290,NYSEARCA:PXE,NYSEARCA:VDE,NYSEARCA:PYZ,NYSEARCA:VOT,,,,0.477371131,0.455110902,0.013978114,0.053539853,,,
70,1060,NYSEARCA:IEZ,NYSEARCA:IYE,NYSEARCA:VAW,NYSEARCA:PYZ,,,,0.202090803,0.540562743,0.133602065,0.123744389,,,
71,2780,NYSEARCA:XOP,NYSEARCA:XES,NYSEARCA:PXI,,,,,0.436597117,0.041846507,0.521556376,,,,
72,1820,NYSEARCA:IYE,NYSEARCA:PXJ,NYSEARCA:VAW,NYSEARCA:PYZ,,,,0.646995635,0.153313728,0.024830744,0.174859892,,,
73,1310,NYSEARCA:VDE,NYSEARCA:XME,NYSEARCA:FVL,NYSEARCA:IGV,,,,0.840845433,0.093573962,0.012892199,0.052688406,,,
74,4370,NYSEARCA:IEO,NYSEARCA:PXJ,NYSEARCA:FVL,NYSEARCA:EVX,NYSEARCA:IGM,,,0.652982242,0.12532983,0.032264867,0.071491189,0.117931872,,
75,380,NYSEARCA:IEO,NYSEARCA:IEZ,NYSEARCA:XOP,NYSEARCA:EVX,NYSEARCA:IGV,,,0.524062692,0.215081656,0.025196875,0.024322994,0.211335783,,
76,1360,NYSEARCA:IEO,NYSEARCA:IEZ,NYSEARCA:EWC,NYSEARCA:EVX,,,,0.485347877,0.177305502,0.190933471,0.146413149,,,
77,2600,NYSEARCA:XOP,NYSEARCA:IHI,NYSEARCA:EWC,,,,,0.834706883,0.150176663,0.015116455,,,,
78,730,NYSEARCA:PXE,NYSEARCA:PXI,NYSEARCA:PYZ,NYSEARCA:VOT,,,,0.820711609,0.08612985,0.063141222,0.030017319,,,
79,190,NYSEARCA:PXJ,NYSEARCA:XES,NYSEARCA:PXI,NYSEARCA:XLB,,,,0.233689577,0.129138863,0.610749155,0.026422405,,,
80,1480,NYSEARCA:IEO,NYSEARCA:IEZ,NYSEARCA:PXI,NYSEARCA:EWC,,,,0.461175783,0.085054635,0.017422089,0.436347493,,,
81,2330,NYSEARCA:XME,NYSEARCA:JKH,NYSEARCA:IGV,,,,,0.68912253,0.280565056,0.030312414,,,,
82,4080,NYSEARCA:RYE,NYSEARCA:XES,NYSEARCA:FVL,NYSEARCA:IGV,,,,0.670940065,0.152397663,0.03537334,0.141288932,,,
83,250,NYSEARCA:RYE,NYSEARCA:VDE,NYSEARCA:XES,NYSEARCA:IYM,NYSEARCA:EVX,,,0.588534469,0.241538908,0.006027705,0.056845453,0.107053465,,
84,1710,NYSEARCA:IEZ,NYSEARCA:PXJ,NYSEARCA:FVL,NYSEARCA:EVX,NYSEARCA:IGM,,,0.642071496,0.021400528,0.093049516,0.087596226,0.155882234,,
85,610,NYSEARCA:XES,NYSEARCA:JKH,NYSEARCA:VAW,NYSEARCA:IGV,,,,0.752449976,0.089675605,0.010263133,0.147611286,,,
86,3080,NYSEARCA:IEO,NYSEARCA:RYE,NYSEARCA:XOP,NYSEARCA:IGM,,,,0.355874472,0.405709785,0.064271826,0.174143917,,,
87,730,NYSEARCA:IEO,NYSEARCA:XOP,NYSEARCA:VDE,NYSEARCA:XES,NYSEARCA:VAW,,,0.513217476,0.111737519,0.090642326,0.003000008,0.281402671,,
88,110,NYSEARCA:IEO,NYSEARCA:JKH,NYSEARCA:FVL,NYSEARCA:EVX,,,,0.763234693,0.076158822,0.081718773,0.078887711,,,
89,2240,NYSEARCA:IYE,NYSEARCA:PXJ,NYSEARCA:XME,NYSEARCA:JKH,,,,0.531199417,0.280285258,0.019376063,0.169139262,,,
90,5570,NYSEARCA:XES,NYSEARCA:PXI,NYSEARCA:XME,NYSEARCA:PYZ,,,,0.309934008,0.533505605,0.077655322,0.078905065,,,
91,2240,NYSEARCA:XOP,NYSEARCA:IYE,NYSEARCA:PXJ,NYSEARCA:VDE,NYSEARCA:XES,NYSEARCA:IYM,,0.383684636,0.137219412,0.006265578,0.145630411,0.013615006,0.313584957,
92,5070,NYSEARCA:RYE,NYSEARCA:PXI,NYSEARCA:IYM,NYSEARCA:JKH,,,,0.696957381,0.053740697,0.157075872,0.09222605,,,
93,2860,NYSEARCA:IEO,NYSEARCA:VDE,NYSEARCA:VAW,,,,,0.623421878,0.079379276,0.297198846,,,,
94,180,NYSEARCA:IYE,NYSEARCA:PXJ,NYSEARCA:PXE,NYSEARCA:VDE,NYSEARCA:VAW,,,0.199534998,0.123658212,0.401731658,0.101461684,0.173613448,,
95,380,NYSEARCA:IEO,NYSEARCA:PXJ,NYSEARCA:IYM,NYSEARCA:FVL,,,,0.64648412,0.065805419,0.03388646,0.253824002,,,
96,2100,NYSEARCA:PXJ,NYSEARCA:PXE,NYSEARCA:VDE,NYSEARCA:JKH,NYSEARCA:FVL,,,0.269859832,0.434084427,0.126568058,0.114113236,0.055374446,,
97,940,NYSEARCA:RYE,NYSEARCA:IEZ,NYSEARCA:IYE,NYSEARCA:EWC,NYSEARCA:FVL,,,0.469988423,0.174399518,0.0121482,0.212570579,0.13089328,,
98,1790,NYSEARCA:XOP,NYSEARCA:IYE,NYSEARCA:VAW,NYSEARCA:PYZ,,,,0.443353045,0.354474085,0.006170563,0.196002307,,,
99,2300,NYSEARCA:PXJ,NYSEARCA:XLE,NYSEARCA:EWC,NYSEARCA:PTH,,,,0.648954783,0.101858768,0.039355795,0.209830654,,,
100,3170,NYSEARCA:RYE,NYSEARCA:IYE,NYSEARCA:PXE,NYSEARCA:IYM,NYSEARCA:IGV,,,0.561250181,0.069216171,0.227730582,0.022798763,0.119004303,,
101,470,NYSEARCA:RYE,NYSEARCA:XOP,NYSEARCA:PXI,NYSEARCA:PYZ,,,,0.455381491,0.27675671,0.003515428,0.264346371,,,
102,240,NYSEARCA:PXE,NYSEARCA:XES,NYSEARCA:EWC,NYSEARCA:JKH,,,,0.432820381,0.255965802,0.298296085,0.012917731,,,
103,600,NYSEARCA:RYE,NYSEARCA:PXJ,NYSEARCA:PXE,NYSEARCA:PTH,,,,0.509676009,0.19505216,0.13064892,0.16462291,,,
104,1060,NYSEARCA:IEZ,NYSEARCA:PXE,NYSEARCA:JKH,NYSEARCA:FVL,NYSEARCA:EVX,,,0.375712499,0.376119911,0.099922453,0.063044048,0.085201088,,
105,640,NYSEARCA:IYE,NYSEARCA:PXJ,NYSEARCA:XES,NYSEARCA:ITA,,,,0.170062676,0.392904325,0.09452182,0.342511178,,,
106,640,NYSEARCA:XOP,NYSEARCA:PXJ,NYSEARCA:PXE,NYSEARCA:EWC,NYSEARCA:FVL,,,0.402157121,0.19771527,0.087903239,0.227491238,0.084733132,,
107,740,NYSEARCA:IEO,NYSEARCA:IEZ,NYSEARCA:IYM,NYSEARCA:VOT,NYSEARCA:EVX,,,0.571959275,0.177164163,0.013474151,0.00758768,0.229814732,,
108,4030,NYSEARCA:IEZ,NYSEARCA:XLE,NYSEARCA:PYZ,NYSEARCA:FVL,,,,0.574453177,0.033658429,0.021625905,0.370262489,,,
109,760,NYSEARCA:IEZ,NYSEARCA:ITA,NYSEARCA:XME,NYSEARCA:IHF,,,,0.575942576,0.284171645,0.007816057,0.132069722,,,
110,4410,NYSEARCA:RYE,NYSEARCA:IYE,NYSEARCA:XES,NYSEARCA:EWC,NYSEARCA:IGV,,,0.561749589,0.185154072,0.031490697,0.151430448,0.070175194,,
111,3290,NYSEARCA:XOP,NYSEARCA:VDE,NYSEARCA:XES,NYSEARCA:FVL,NYSEARCA:EVX,,,0.488530303,0.14389244,0.183808459,0.136588072,0.047180726,,
112,1040,NYSEARCA:XOP,NYSEARCA:IYE,NYSEARCA:IYM,NYSEARCA:JKH,,,,0.464565415,0.340036925,0.109105424,0.086292236,,,
113,3150,NYSEARCA:XES,NYSEARCA:XLE,NYSEARCA:EWC,NYSEARCA:PPA,,,,0.534048484,0.096566099,0.257017596,0.112367821,,,
114,900,NYSEARCA:RYE,NYSEARCA:PXE,NYSEARCA:XES,NYSEARCA:EVX,NYSEARCA:IGM,,,0.565816317,0.269766668,0.028365755,0.02709834,0.108952919,,
115,3910,NYSEARCA:RYE,NYSEARCA:IYE,NYSEARCA:XME,NYSEARCA:IGM,,,,0.594124693,0.253927455,0.019268847,0.132679006,,,
116,930,NYSEARCA:RYE,NYSEARCA:IEZ,NYSEARCA:ITA,,,,,0.392307041,0.243381013,0.364311945,,,,
117,170,NYSEARCA:RYE,NYSEARCA:XOP,NYSEARCA:PXI,NYSEARCA:IYM,NYSEARCA:VAW,,,0.413023085,0.237320807,0.052806412,0.202305563,0.094544133,,
118,4290,NYSEARCA:PXJ,NYSEARCA:PXE,NYSEARCA:VDE,NYSEARCA:PXI,NYSEARCA:IYM,,,0.095612522,0.383374502,0.242884619,0.003004842,0.275123515,,
119,470,NYSEARCA:XOP,NYSEARCA:IYE,NYSEARCA:PXE,NYSEARCA:XES,NYSEARCA:EWC,,,0.370266917,0.149074712,0.045776203,0.119381715,0.315500453,,
120,1680,NYSEARCA:IYE,NYSEARCA:PXJ,NYSEARCA:JKH,NYSEARCA:IGM,,,,0.54050706,0.303513686,0.089567002,0.066412252,,,
121,2010,NYSEARCA:XLE,NYSEARCA:XME,NYSEARCA:IYM,NYSEARCA:EVX,,,,0.645542735,0.107923202,0.171137966,0.075396097,,,
122,1500,NYSEARCA:PXE,NYSEARCA:XES,NYSEARCA:VAW,,,,,0.591165857,0.20066133,0.208172813,,,,
123,710,NYSEARCA:RYE,NYSEARCA:PXJ,NYSEARCA:IYM,NYSEARCA:FVL,,,,0.622812331,0.119197647,0.064048654,0.193941368,,,
124,570,NYSEARCA:PXJ,NYSEARCA:XLE,NYSEARCA:IYM,,,,,0.349004508,0.145730608,0.505264885,,,,
125,1250,NYSEARCA:IEZ,NYSEARCA:PXE,NYSEARCA:VDE,NYSEARCA:PXI,NYSEARCA:XLB,,,0.147811544,0.321933434,0.223433634,0.211794794,0.095026594,,
126,300,NYSEARCA:PXJ,NYSEARCA:XES,NYSEARCA:IHI,NYSEARCA:XME,,,,0.426484649,0.192940214,0.276868013,0.103707124,,,
127,2630,NYSEARCA:IYE,NYSEARCA:XES,NYSEARCA:VOT,,,,,0.714069981,0.174194281,0.111735738,,,,
128,2160,NYSEARCA:IYE,NYSEARCA:XME,NYSEARCA:EWC,,,,,0.714842158,0.067839475,0.217318367,,,,
129,840,NYSEARCA:XES,NYSEARCA:XME,NYSEARCA:IGV,,,,,0.584265307,0.174776456,0.240958237,,,,
130,750,NYSEARCA:RYE,NYSEARCA:IEZ,NYSEARCA:FVL,NYSEARCA:EVX,,,,0.526663343,0.231137726,0.108055979,0.134142952,,,
131,2230,NYSEARCA:IEZ,NYSEARCA:XLE,NYSEARCA:PYZ,NYSEARCA:XLB,,,,0.466015293,0.088176763,0.399935894,0.04587205,,,
132,380,NYSEARCA:IEZ,NYSEARCA:EWC,NYSEARCA:PPA,NYSEARCA:RYH,,,,0.658530956,0.141424503,0.016138337,0.183906204,,,
133,1960,NYSEARCA:IYE,NYSEARCA:PXJ,NYSEARCA:PXI,,,,,0.548523872,0.06762563,0.383850498,,,,
134,2820,NYSEARCA:XOP,NYSEARCA:PXE,NYSEARCA:PPA,NYSEARCA:RYH,,,,0.561839687,0.291021432,0.132679433,0.014459447,,,
135,1610,NYSEARCA:XLE,NYSEARCA:ITA,NYSEARCA:XME,,,,,0.50432855,0.279816747,0.215854703,,,,
136,920,NYSEARCA:IEO,NYSEARCA:IEZ,NYSEARCA:EWC,,,,,0.452488731,0.095629474,0.451881795,,,,
137,1410,NYSEARCA:IYE,NYSEARCA:PXJ,NYSEARCA:PXE,NYSEARCA:VDE,NYSEARCA:IYM,,,0.161377917,0.079603077,0.375344822,0.103123571,0.280550612,,
138,4700,NYSEARCA:XOP,NYSEARCA:IYE,NYSEARCA:PXE,NYSEARCA:XES,NYSEARCA:PPA,,,0.478890845,0.011068035,0.064680739,0.234504732,0.21085565,,
139,3980,NYSEARCA:PXE,NYSEARCA:XLE,NYSEARCA:IYM,NYSEARCA:PTH,,,,0.793280486,0.104278148,0.030664269,0.071777096,,,
140,3180,NYSEARCA:RYE,NYSEARCA:IEZ,NYSEARCA:XOP,NYSEARCA:IYM,NYSEARCA:VOT,,,0.426400993,0.114031752,0.25811909,0.022894037,0.178554128,,
141,2390,NYSEARCA:RYE,NYSEARCA:XOP,NYSEARCA:PXJ,NYSEARCA:XME,NYSEARCA:PTH,,,0.428021423,0.274896029,0.129461897,0.004634763,0.162985888,,
142,2670,NYSEARCA:RYE,NYSEARCA:FVL,NYSEARCA:IGM,,,,,0.817146034,0.116763192,0.066090774,,,,
143,3520,NYSEARCA:XOP,NYSEARCA:IYE,NYSEARCA:PXJ,NYSEARCA:PXI,NYSEARCA:XLB,,,0.397564836,0.244336937,0.05826029,0.206370706,0.093467232,,
144,1450,NYSEARCA:PXJ,NYSEARCA:PXE,NYSEARCA:VDE,NYSEARCA:IYM,NYSEARCA:IGV,,,0.292474262,0.43445622,0.082968681,0.071784951,0.118315886,,
145,930,NYSEARCA:RYE,NYSEARCA:PXE,NYSEARCA:XME,NYSEARCA:IGV,,,,0.580332385,0.266927426,0.018780464,0.133959725,,,
146,470,NYSEARCA:RYE,NYSEARCA:PXJ,NYSEARCA:IYM,NYSEARCA:FVL,NYSEARCA:EVX,,,0.618698509,0.154778312,0.036558028,0.102786218,0.087178932,,
147,1720,NYSEARCA:RYE,NYSEARCA:IYE,NYSEARCA:PXE,NYSEARCA:JKH,NYSEARCA:EVX,,,0.540663073,0.103786602,0.221677612,0.013080758,0.120791955,,
148,690,NYSEARCA:XOP,NYSEARCA:XLE,NYSEARCA:XME,NYSEARCA:EVX,NYSEARCA:IGM,,,0.698080817,0.060876115,0.085401154,0.045584159,0.110057755,,
149,860,NYSEARCA:XOP,NYSEARCA:XES,NYSEARCA:EWC,NYSEARCA:IYM,NYSEARCA:JKH,,,0.459566923,0.212843561,0.248827919,0.023215353,0.055546244,,
150,4010,NYSEARCA:XOP,NYSEARCA:XES,NYSEARCA:FVL,NYSEARCA:IGV,,,,0.549122082,0.264855231,0.058590539,0.127432148,,,
151,1800,NYSEARCA:PXJ,NYSEARCA:VDE,NYSEARCA:PPA,NYSEARCA:RYH,,,,0.46194829,0.388569949,0.051605879,0.097875881,,,
152,3730,NYSEARCA:RYE,NYSEARCA:PXE,NYSEARCA:VDE,NYSEARCA:IYM,NYSEARCA:VAW,,,0.458984783,0.216914462,0.022300962,0.21957935,0.082220443,,
153,760,NYSEARCA:IEZ,NYSEARCA:XOP,NYSEARCA:VDE,NYSEARCA:PXI,NYSEARCA:XLB,,,0.103605941,0.377375806,0.197545181,0.209652471,0.111820601,,
154,1260,NYSEARCA:IEO,NYSEARCA:IYE,NYSEARCA:IGM,,,,,0.749977662,0.055574317,0.194448022,,,,
155,630,NYSEARCA:XOP,NYSEARCA:PXE,NYSEARCA:PXI,NYSEARCA:XLB,,,,0.431997471,0.248606653,0.247994852,0.071401023,,,
156,560,NYSEARCA:IEZ,NYSEARCA:EWC,NYSEARCA:JKH,NYSEARCA:EVX,,,,0.521100518,0.35667719,0.002038799,0.120183494,,,
157,3370,NYSEARCA:IEZ,NYSEARCA:XOP,NYSEARCA:EWC,NYSEARCA:FVL,NYSEARCA:IGM,,,0.293334203,0.362853991,0.209404059,0.045692953,0.088714795,,
158,2630,NYSEARCA:RYE,NYSEARCA:IYE,NYSEARCA:EWC,NYSEARCA:IGM,,,,0.552647522,0.220520697,0.171776315,0.055055467,,,
159,230,NYSEARCA:RYE,NYSEARCA:PXJ,NYSEARCA:JKH,NYSEARCA:FVL,,,,0.622518291,0.155587321,0.077977158,0.143917229,,,
160,2820,NYSEARCA:PXE,NYSEARCA:VDE,NYSEARCA:XME,NYSEARCA:FVL,NYSEARCA:EVX,,,0.451589458,0.410069972,0.048088414,0.058068996,0.03218316,,
161,760,NYSEARCA:PXJ,NYSEARCA:XLE,NYSEARCA:PXI,NYSEARCA:IYM,NYSEARCA:IGV,,,0.513769373,0.093148913,0.124570908,0.145584746,0.12292606,,
162,2190,NYSEARCA:IEZ,NYSEARCA:EWC,NYSEARCA:FVL,NYSEARCA:EVX,,,,0.516518925,0.353105924,0.036082776,0.094292374,,,
163,1620,NYSEARCA:PXE,NYSEARCA:XES,NYSEARCA:EWC,NYSEARCA:IYM,NYSEARCA:EVX,,,0.439837499,0.248486396,0.252209363,0.045540605,0.013926137,,
164,1600,NYSEARCA:RYE,NYSEARCA:XES,NYSEARCA:IYM,NYSEARCA:RYH,,,,0.641674273,0.200267086,0.029840025,0.128218617,,,
165,210,NYSEARCA:XOP,NYSEARCA:XES,NYSEARCA:FVL,,,,,0.547669348,0.226408376,0.225922276,,,,
166,170,NYSEARCA:IYE,NYSEARCA:XES,NYSEARCA:IYM,NYSEARCA:EVX,NYSEARCA:IGM,,,0.579456526,0.20281031,0.155002663,0.017990961,0.04473954,,
167,3410,NYSEARCA:RYE,NYSEARCA:PXE,NYSEARCA:IYM,NYSEARCA:VAW,,,,0.467464249,0.232603636,0.207984604,0.091947511,,,
168,1930,NYSEARCA:XOP,NYSEARCA:IYE,NYSEARCA:PXJ,NYSEARCA:EWC,,,,0.356746105,0.231776341,0.10246349,0.309014065,,,
169,690,NYSEARCA:IEO,NYSEARCA:IEZ,NYSEARCA:XOP,NYSEARCA:JKH,,,,0.513307362,0.182129512,0.036202513,0.268360613,,,
170,760,NYSEARCA:RYE,NYSEARCA:PXI,NYSEARCA:VAW,NYSEARCA:PYZ,,,,0.644965893,0.176101585,0.040138286,0.138794236,,,
171,460,NYSEARCA:IYE,NYSEARCA:XES,NYSEARCA:PPA,NYSEARCA:RYH,,,,0.547220853,0.313385024,0.085537653,0.05385647,,,
172,310,NYSEARCA:PXJ,NYSEARCA:XES,NYSEARCA:FVL,NYSEARCA:IGM,,,,0.469836662,0.266898322,0.083294419,0.179970597,,,
173,750,NYSEARCA:IEO,NYSEARCA:XES,NYSEARCA:JKH,,,,,0.686774169,0.073531864,0.239693967,,,,
174,1530,NYSEARCA:RYE,NYSEARCA:XOP,NYSEARCA:IYE,NYSEARCA:PXE,NYSEARCA:XLB,,,0.451082654,0.242926542,0.050615873,0.07598578,0.179389151,,
175,490,NYSEARCA:IEZ,NYSEARCA:VDE,NYSEARCA:IYM,NYSEARCA:FVL,NYSEARCA:EVX,,,0.409700134,0.298908271,0.082319545,0.082778942,0.126293108,,
176,570,NYSEARCA:PXE,NYSEARCA:XLE,NYSEARCA:EWC,NYSEARCA:IYM,NYSEARCA:RYH,,,0.76693593,0.02732203,0.141529581,0.060800689,0.00341177,,
177,200,NYSEARCA:IEZ,NYSEARCA:PXI,NYSEARCA:XME,,,,,0.242606038,0.739519145,0.017874817,,,,
178,830,NYSEARCA:RYE,NYSEARCA:IEZ,NYSEARCA:XOP,NYSEARCA:FVL,NYSEARCA:EVX,,,0.41240158,0.125552353,0.253261135,0.094479961,0.114304971,,
179,1990,NYSEARCA:XOP,NYSEARCA:XES,NYSEARCA:XME,NYSEARCA:FVL,NYSEARCA:EVX,,,0.540392133,0.241686757,0.010258552,0.125107749,0.08255481,,
180,180,NYSEARCA:PXJ,NYSEARCA:PXE,NYSEARCA:EWC,NYSEARCA:IYM,NYSEARCA:FVL,,,0.257827721,0.433906778,0.243431363,0.01543056,0.049403578,,
181,1360,NYSEARCA:RYE,NYSEARCA:IEZ,NYSEARCA:IYE,NYSEARCA:FVL,,,,0.516325461,0.145975184,0.097743305,0.23995605,,,
182,2100,NYSEARCA:RYE,NYSEARCA:IYE,NYSEARCA:PXE,NYSEARCA:VAW,NYSEARCA:PYZ,,,0.492626078,0.07731982,0.206028699,0.083282462,0.140742941,,
183,560,NYSEARCA:XOP,NYSEARCA:PXJ,NYSEARCA:JKH,NYSEARCA:FVL,NYSEARCA:EVX,,,0.503684866,0.280240623,0.085182886,0.072018251,0.058873375,,
184,560,NYSEARCA:XOP,NYSEARCA:VDE,NYSEARCA:XES,NYSEARCA:XME,NYSEARCA:EVX,,,0.465571117,0.215752242,0.162309595,0.011663247,0.1447038,,
185,1290,NYSEARCA:PXE,NYSEARCA:XLE,NYSEARCA:JKH,NYSEARCA:IGM,,,,0.827770344,0.075871772,0.083458668,0.012899215,,,
186,600,NYSEARCA:XOP,NYSEARCA:XME,NYSEARCA:JKH,NYSEARCA:IGM,,,,0.734331368,0.099711583,0.048986158,0.116970891,,,
187,1260,NYSEARCA:XOP,NYSEARCA:PXE,NYSEARCA:XES,NYSEARCA:PXI,NYSEARCA:XLB,,,0.402966115,0.179496278,0.103499571,0.205022526,0.10901551,,
188,300,NYSEARCA:XLE,NYSEARCA:XME,NYSEARCA:EVX,,,,,0.676002434,0.171243291,0.152754275,,,,
189,1210,NYSEARCA:XOP,NYSEARCA:IYE,NYSEARCA:PXE,NYSEARCA:EWC,NYSEARCA:IGM,,,0.401173021,0.292003731,0.059947441,0.240152492,0.006723315,,
190,1380,NYSEARCA:PXE,NYSEARCA:XME,NYSEARCA:EVX,,,,,0.790929877,0.096613586,0.112456537,,,,
191,300,NYSEARCA:RYE,NYSEARCA:PXJ,NYSEARCA:VDE,NYSEARCA:EWC,NYSEARCA:FVL,,,0.537882409,0.054839486,0.143710221,0.184651247,0.078916638,,
192,1330,NYSEARCA:PXJ,NYSEARCA:XES,NYSEARCA:PXI,NYSEARCA:EWC,NYSEARCA:FVL,,,0.284986279,0.226750602,0.097498613,0.359175613,0.031588893,,
193,1290,NYSEARCA:IEO,NYSEARCA:RYE,NYSEARCA:XBI,NYSEARCA:XES,NYSEARCA:ITA,,,0.335957798,0.274433594,0.337301034,0.023577399,0.028730174,,
194,4950,NYSEARCA:XOP,NYSEARCA:PXJ,NYSEARCA:VAW,NYSEARCA:PYZ,,,,0.531533746,0.180620896,0.143277071,0.144568287,,,
195,1330,NYSEARCA:RYE,NYSEARCA:PXJ,NYSEARCA:VDE,NYSEARCA:EVX,NYSEARCA:IGM,,,0.578560594,0.117779067,0.153427053,0.024357428,0.125875857,,
196,2910,NYSEARCA:VDE,NYSEARCA:XES,NYSEARCA:JKH,NYSEARCA:IGM,,,,0.662091436,0.231607097,0.083286447,0.02301502,,,
197,290,NYSEARCA:XES,NYSEARCA:XLE,NYSEARCA:VAW,NYSEARCA:PYZ,,,,0.441880058,0.239281073,0.148454786,0.170384083,,,
198,620,NYSEARCA:PXJ,NYSEARCA:VDE,NYSEARCA:JKH,NYSEARCA:FVL,,,,0.298966707,0.545771618,0.073261933,0.081999742,,,
199,1190,NYSEARCA:XES,NYSEARCA:PXI,NYSEARCA:FVL,NYSEARCA:EVX,,,,0.501514776,0.365216757,0.131240523,0.002027943,,,
200,1650,NYSEARCA:RYE,NYSEARCA:XES,NYSEARCA:VOT,,,,,0.687585855,0.134443338,0.177970806,,,,
201,3590,NYSEARCA:XOP,NYSEARCA:XBI,NYSEARCA:XES,,,,,0.318927542,0.379174681,0.301897777,,,,
202,740,NYSEARCA:PXJ,NYSEARCA:VDE,NYSEARCA:XES,NYSEARCA:FVL,NYSEARCA:IGV,,,0.339427352,0.517038678,0.007302978,0.017335698,0.118895294,,
203,200,NYSEARCA:IEO,NYSEARCA:XOP,NYSEARCA:JKH,NYSEARCA:IGM,,,,0.744998453,0.046920895,0.06261082,0.145469832,,,
204,490,NYSEARCA:XOP,NYSEARCA:PXJ,NYSEARCA:PXE,NYSEARCA:VDE,NYSEARCA:XES,NYSEARCA:EWC,,0.363022092,0.099458935,0.071118954,0.081007438,0.052677329,0.332715252,
205,1720,NYSEARCA:XOP,NYSEARCA:PXE,NYSEARCA:XES,NYSEARCA:EWC,NYSEARCA:IGM,,,0.417657503,0.089415174,0.203025068,0.235389606,0.054512648,,
206,1350,NYSEARCA:IYE,NYSEARCA:PXE,NYSEARCA:XES,NYSEARCA:JKH,NYSEARCA:IGM,,,0.289836394,0.416713057,0.172227142,0.066150664,0.055072743,,
207,890,NYSEARCA:XOP,NYSEARCA:PXJ,NYSEARCA:XES,NYSEARCA:IYM,NYSEARCA:FVL,,,0.491738076,0.138348078,0.096356579,0.081982639,0.191574629,,
208,1070,NYSEARCA:XOP,NYSEARCA:XLE,NYSEARCA:PXI,NYSEARCA:XME,NYSEARCA:IGV,,,0.668452459,0.010209057,0.095909313,0.095933212,0.129495959,,
209,4220,NYSEARCA:RYE,NYSEARCA:IEZ,NYSEARCA:ITA,NYSEARCA:IHF,,,,0.381091663,0.296020668,0.227081772,0.095805896,,,
210,900,NYSEARCA:IYE,NYSEARCA:VDE,NYSEARCA:XES,NYSEARCA:VOT,,,,0.396018369,0.356449092,0.154397357,0.093135181,,,
211,3790,NYSEARCA:IEZ,NYSEARCA:PXE,NYSEARCA:VDE,NYSEARCA:PXI,NYSEARCA:PYZ,,,0.159814749,0.363407621,0.202457024,0.061072721,0.213247885,,
212,1210,NYSEARCA:XOP,NYSEARCA:IYE,NYSEARCA:XES,NYSEARCA:EWC,,,,0.376960538,0.21715483,0.100886396,0.304998235,,,
213,340,NYSEARCA:IYE,NYSEARCA:PXJ,NYSEARCA:EVX,NYSEARCA:IGV,,,,0.529383663,0.325488892,0.001997208,0.143130237,,,
214,830,NYSEARCA:XES,NYSEARCA:XLE,NYSEARCA:PXI,NYSEARCA:IYM,,,,0.401742044,0.013780354,0.2995583,0.284919301,,,
215,490,NYSEARCA:RYE,NYSEARCA:IYE,NYSEARCA:VDE,NYSEARCA:IYM,NYSEARCA:VAW,,,0.496171801,0.104284896,0.108652275,0.205916861,0.084974166,,
216,1790,NYSEARCA:XOP,NYSEARCA:IYE,NYSEARCA:PXE,NYSEARCA:PXI,NYSEARCA:IYM,,,0.3381116,0.196107202,0.140792024,0.045819584,0.279169589,,
217,1250,NYSEARCA:PXE,NYSEARCA:XME,NYSEARCA:PPA,,,,,0.736143648,0.116537971,0.147318381,,,,
218,480,NYSEARCA:XOP,NYSEARCA:IYE,NYSEARCA:XES,NYSEARCA:JKH,NYSEARCA:EVX,,,0.457390385,0.232470238,0.152137146,0.096971406,0.061030825,,
219,3220,NYSEARCA:IYE,NYSEARCA:VDE,NYSEARCA:XES,NYSEARCA:PYZ,NYSEARCA:VOT,,,0.401017612,0.343881202,0.148518892,0.031924604,0.07465769,,
220,360,NYSEARCA:PXE,NYSEARCA:VDE,NYSEARCA:IYM,NYSEARCA:PPA,,,,0.510178921,0.410639863,0.001249655,0.07793156,,,
221,2250,NYSEARCA:RYE,NYSEARCA:PXE,NYSEARCA:XES,NYSEARCA:IYM,NYSEARCA:IGM,,,0.560573566,0.255134204,0.023801008,0.040307036,0.120184186,,
222,2990,NYSEARCA:RYE,NYSEARCA:VDE,NYSEARCA:XES,NYSEARCA:EWC,NYSEARCA:EVX,,,0.559764438,0.162517953,0.031651598,0.196366852,0.049699159,,
223,220,NYSEARCA:PXE,NYSEARCA:VDE,NYSEARCA:PXI,NYSEARCA:VAW,,,,0.431922025,0.456882432,0.020421272,0.090774271,,,
224,2110,NYSEARCA:IEZ,NYSEARCA:XOP,NYSEARCA:PXE,NYSEARCA:IYM,NYSEARCA:IGM,,,0.315221461,0.37504784,0.068893227,0.038617555,0.202219917,,
225,2290,NYSEARCA:IEZ,NYSEARCA:PYZ,NYSEARCA:IGM,,,,,0.679424746,0.01374726,0.306827993,,,,
226,1070,NYSEARCA:IEO,NYSEARCA:IEZ,NYSEARCA:XOP,NYSEARCA:PXI,NYSEARCA:IYM,,,0.363474117,0.003763983,0.127585446,0.181602734,0.32357372,,
227,120,NYSEARCA:RYE,NYSEARCA:VDE,NYSEARCA:PXI,NYSEARCA:VAW,NYSEARCA:PYZ,,,0.534120353,0.244724002,0.012505803,0.036677491,0.171972352,,
228,690,NYSEARCA:RYE,NYSEARCA:PXE,NYSEARCA:EWC,NYSEARCA:RYH,,,,0.588250383,0.284467248,0.03769441,0.089587959,,,
229,4810,NYSEARCA:IEO,NYSEARCA:XOP,NYSEARCA:XES,NYSEARCA:EWC,NYSEARCA:IYM,,,0.469502605,0.07822017,0.031314441,0.344294632,0.076668152,,
230,250,NYSEARCA:IYE,NYSEARCA:IYM,NYSEARCA:JKH,,,,,0.809450924,0.177820725,0.01272835,,,,
231,680,NYSEARCA:RYE,NYSEARCA:PXE,NYSEARCA:IYM,NYSEARCA:IGM,,,,0.561962427,0.286769966,0.033472367,0.11779524,,,
232,2680,NYSEARCA:IYE,NYSEARCA:PXE,NYSEARCA:XES,NYSEARCA:EWC,NYSEARCA:EVX,,,0.244557712,0.324463257,0.168139518,0.255514198,0.007325315,,
233,1420,NYSEARCA:PXE,NYSEARCA:EWC,NYSEARCA:PPA,,,,,0.837922062,0.119573848,0.04250409,,,,
234,2600,NYSEARCA:PXJ,NYSEARCA:PXE,NYSEARCA:ITA,,,,,0.392562833,0.294846295,0.312590873,,,,
235,1370,NYSEARCA:IEZ,NYSEARCA:IYE,NYSEARCA:PXE,NYSEARCA:IYM,NYSEARCA:FVL,,,0.288752292,0.085245157,0.342013329,0.06708024,0.216908983,,
236,2460,NYSEARCA:RYE,NYSEARCA:IEZ,NYSEARCA:PXE,NYSEARCA:EWC,NYSEARCA:IGV,,,0.44373547,0.206066947,0.096763193,0.109897228,0.143537163,,
237,2220,NYSEARCA:XLE,NYSEARCA:XME,NYSEARCA:JKH,NYSEARCA:EVX,,,,0.65777967,0.174961735,0.119051789,0.048206806,,,
238,950,NYSEARCA:IEO,NYSEARCA:XOP,NYSEARCA:PXJ,NYSEARCA:EWC,NYSEARCA:VOT,,,0.554826419,0.044560881,0.071990024,0.230243521,0.098379155,,
239,3310,NYSEARCA:RYE,NYSEARCA:IEZ,NYSEARCA:EWC,NYSEARCA:IYM,,,,0.466065462,0.121285069,0.354291684,0.058357785,,,
240,3350,NYSEARCA:IEO,NYSEARCA:XOP,NYSEARCA:IYM,NYSEARCA:FVL,,,,0.63884904,0.078701878,0.051131156,0.231317926,,,
241,620,NYSEARCA:PXE,NYSEARCA:XLE,NYSEARCA:FVL,NYSEARCA:EVX,,,,0.809105269,0.077577555,0.109868066,0.003449109,,,
242,2600,NYSEARCA:PXJ,NYSEARCA:XES,NYSEARCA:IHF,,,,,0.568894824,0.175418838,0.255686339,,,,
243,3930,NYSEARCA:PXE,NYSEARCA:VDE,NYSEARCA:XES,NYSEARCA:JKH,,,,0.474628018,0.168159809,0.219044283,0.13816789,,,
244,200,NYSEARCA:PXJ,NYSEARCA:VDE,NYSEARCA:XES,NYSEARCA:XME,NYSEARCA:IHF,,,0.402932545,0.097509545,0.155889914,0.106775691,0.236892305,,
245,2170,NYSEARCA:XOP,NYSEARCA:VDE,NYSEARCA:XES,NYSEARCA:EWC,NYSEARCA:EVX,,,0.448319582,0.047962377,0.20294877,0.249626231,0.05114304,,
246,1250,NYSEARCA:PXJ,NYSEARCA:PXE,NYSEARCA:JKH,NYSEARCA:EVX,,,,0.320922502,0.502054496,0.127097648,0.049925354,,,
247,400,NYSEARCA:IEO,NYSEARCA:XOP,NYSEARCA:PXJ,NYSEARCA:VOT,,,,0.609066905,0.061261436,0.111756854,0.217914805,,,
248,110,NYSEARCA:RYE,NYSEARCA:VDE,NYSEARCA:XME,NYSEARCA:IYM,NYSEARCA:IGM,,,0.610645216,0.230598317,0.002208448,0.051735772,0.104812248,,
249,570,NYSEARCA:RYE,NYSEARCA:PXJ,NYSEARCA:EVX,,,,,0.634547285,0.179829998,0.185622717,,,,
250,3530,NYSEARCA:PXJ,NYSEARCA:VDE,NYSEARCA:IHI,,,,,0.562320972,0.213285383,0.224393645,,,,
251,1420,NYSEARCA:RYE,NYSEARCA:PXE,NYSEARCA:XES,NYSEARCA:RYH,,,,0.549920704,0.245364477,0.091762191,0.112952628,,,
252,2460,NYSEARCA:IYE,NYSEARCA:PXE,NYSEARCA:XME,NYSEARCA:PPA,,,,0.393168868,0.4125089,0.070970153,0.123352079,,,
253,640,NYSEARCA:PXE,NYSEARCA:XLE,NYSEARCA:PYZ,NYSEARCA:VOT,,,,0.831722551,0.055981444,0.055135172,0.057160833,,,
254,1100,NYSEARCA:RYE,NYSEARCA:XES,NYSEARCA:IYM,NYSEARCA:JKH,NYSEARCA:FVL,,,0.643921642,0.10123192,0.080255754,0.031674509,0.142916174,,
255,400,NYSEARCA:PXJ,NYSEARCA:XLE,NYSEARCA:IYM,NYSEARCA:VOT,,,,0.488360588,0.15263288,0.228972576,0.130033956,,,
256,2710,NYSEARCA:PXJ,NYSEARCA:XME,NYSEARCA:EWC,NYSEARCA:FVL,NYSEARCA:IGM,,,0.55473336,0.008180936,0.369186994,0.030469361,0.037429349,,
257,380,NYSEARCA:XES,NYSEARCA:XLE,NYSEARCA:PXI,NYSEARCA:JKH,NYSEARCA:FVL,,,0.435743064,0.173048184,0.233310428,0.03859612,0.119302204,,
258,920,NYSEARCA:IEZ,NYSEARCA:XOP,NYSEARCA:IYE,NYSEARCA:PXE,NYSEARCA:PYZ,,,0.099169476,0.357218132,0.164688452,0.116569539,0.2623544,,
259,2040,NYSEARCA:XOP,NYSEARCA:XES,NYSEARCA:XME,NYSEARCA:IGV,,,,0.527891574,0.257153557,0.038375969,0.1765789,,,
260,3140,NYSEARCA:RYE,NYSEARCA:PXE,NYSEARCA:IHI,NYSEARCA:XME,,,,0.570965583,0.191565518,0.168267866,0.069201032,,,
261,710,NYSEARCA:IEO,NYSEARCA:RYE,NYSEARCA:XOP,NYSEARCA:FVL,NYSEARCA:EVX,,,0.351264066,0.39157663,0.054942565,0.088417009,0.11379973,,
262,1570,NYSEARCA:IEO,NYSEARCA:IYE,NYSEARCA:IYM,NYSEARCA:EVX,NYSEARCA:IGV,,,0.766304053,0.008170248,0.043102121,0.00726528,0.175158297,,
263,3700,NYSEARCA:RYE,NYSEARCA:XOP,NYSEARCA:IYE,NYSEARCA:IYM,NYSEARCA:VOT,,,0.484821421,0.31161294,0.012874053,0.056798296,0.13389329,,
264,1780,NYSEARCA:PXJ,NYSEARCA:XES,NYSEARCA:XLE,NYSEARCA:EWC,,,,0.266162462,0.238171628,0.02808055,0.46758536,,,
265,160,NYSEARCA:PXE,NYSEARCA:XES,NYSEARCA:IYM,NYSEARCA:FVL,NYSEARCA:EVX,,,0.511753785,0.24382986,0.151738246,0.035396247,0.057281862,,
266,1570,NYSEARCA:XOP,NYSEARCA:VDE,NYSEARCA:EVX,NYSEARCA:IGM,,,,0.508782037,0.394867741,0.017427823,0.078922399,,,
267,1190,NYSEARCA:RYE,NYSEARCA:IEZ,NYSEARCA:PYZ,,,,,0.600230178,0.088441433,0.311328389,,,,
268,800,NYSEARCA:IEO,NYSEARCA:PXI,NYSEARCA:VAW,NYSEARCA:PYZ,,,,0.619570601,0.102521464,0.124305751,0.153602184,,,
269,250,NYSEARCA:XOP,NYSEARCA:PXJ,NYSEARCA:PXE,NYSEARCA:XES,NYSEARCA:EVX,,,0.419344698,0.215929103,0.148078084,0.040643692,0.176004422,,
270,3600,NYSEARCA:RYE,NYSEARCA:PXJ,NYSEARCA:XME,NYSEARCA:EWC,NYSEARCA:RYH,,,0.564961318,0.226641196,0.053356207,0.006244775,0.148796504,,
271,590,NYSEARCA:RYE,NYSEARCA:PXJ,NYSEARCA:IYM,NYSEARCA:JKH,NYSEARCA:FVL,,,0.61420941,0.143977743,0.041618671,0.067783131,0.132411045,,
272,4230,NYSEARCA:IYE,NYSEARCA:EVX,NYSEARCA:IGM,,,,,0.930459899,0.058507104,0.011032997,,,,
273,1340,NYSEARCA:XLE,NYSEARCA:XME,NYSEARCA:XLB,,,,,0.759388297,0.078633316,0.161978387,,,,
274,840,NYSEARCA:IEO,NYSEARCA:RYE,NYSEARCA:IEZ,NYSEARCA:XOP,NYSEARCA:EWC,NYSEARCA:IYM,,0.149027556,0.365816763,0.001830985,0.118251906,0.313773775,0.051299014,
275,880,NYSEARCA:RYE,NYSEARCA:PXI,NYSEARCA:FVL,,,,,0.750974467,0.071072859,0.177952674,,,,
276,3310,NYSEARCA:PXJ,NYSEARCA:PXE,NYSEARCA:VDE,NYSEARCA:PXI,NYSEARCA:PYZ,,,0.118428245,0.384858862,0.31774028,0.007285275,0.171687337,,
277,4540,NYSEARCA:XOP,NYSEARCA:EWC,NYSEARCA:IGV,,,,,0.69844001,0.29024502,0.01131497,,,,
278,110,NYSEARCA:RYE,NYSEARCA:IEZ,NYSEARCA:IYM,NYSEARCA:EVX,NYSEARCA:IGM,,,0.531654791,0.250390827,0.003862645,0.060980859,0.153110878,,
279,1860,NYSEARCA:RYE,NYSEARCA:XES,NYSEARCA:FVL,,,,,0.671532347,0.107866121,0.220601532,,,,
280,3230,NYSEARCA:IEO,NYSEARCA:IHI,NYSEARCA:XME,NYSEARCA:PTH,,,,0.766556177,0.168899628,0.01293091,0.051613285,,,
281,110,NYSEARCA:IEO,NYSEARCA:RYE,NYSEARCA:RYH,,,,,0.494391357,0.360713383,0.14489526,,,,
282,1710,NYSEARCA:RYE,NYSEARCA:IEZ,NYSEARCA:EWC,NYSEARCA:FVL,NYSEARCA:IGM,,,0.481531841,0.219206882,0.160174592,0.024356507,0.114730178,,
283,2450,NYSEARCA:RYE,NYSEARCA:XLE,NYSEARCA:EWC,NYSEARCA:PTH,,,,0.817780335,0.026539937,0.013009327,0.142670401,,,
284,4280,NYSEARCA:XOP,NYSEARCA:IYE,NYSEARCA:XME,NYSEARCA:JKH,NYSEARCA:FVL,,,0.477889539,0.361498932,0.009795071,0.014708892,0.136107566,,
285,1450,NYSEARCA:IYE,NYSEARCA:PXJ,NYSEARCA:FVL,NYSEARCA:EVX,,,,0.552581942,0.281078271,0.095941164,0.070398623,,,
286,570,NYSEARCA:RYE,NYSEARCA:IYE,NYSEARCA:VDE,NYSEARCA:VAW,NYSEARCA:PYZ,,,0.533018756,0.126559699,0.122332169,0.075009121,0.143080255,,
287,2570,NYSEARCA:RYE,NYSEARCA:IYE,NYSEARCA:VAW,NYSEARCA:PYZ,,,,0.535640232,0.237458424,0.078735072,0.148166272,,,
288,2100,NYSEARCA:IYE,NYSEARCA:PXJ,NYSEARCA:XES,NYSEARCA:IHI,,,,0.236015197,0.466729676,0.072770119,0.224485007,,,
289,550,NYSEARCA:XOP,NYSEARCA:XES,NYSEARCA:EWC,NYSEARCA:FVL,NYSEARCA:EVX,,,0.461605338,0.219857866,0.249896072,0.044423496,0.024217228,,
290,2840,NYSEARCA:XOP,NYSEARCA:VDE,NYSEARCA:XES,NYSEARCA:EWC,NYSEARCA:FVL,,,0.453716086,0.054345119,0.188249088,0.229340505,0.074349202,,
291,1450,NYSEARCA:PXJ,NYSEARCA:EWC,NYSEARCA:EVX,NYSEARCA:IGV,,,,0.58317328,0.343171071,0.002042214,0.071613434,,,
292,1610,NYSEARCA:XOP,NYSEARCA:IYE,NYSEARCA:PXJ,NYSEARCA:PXE,NYSEARCA:VAW,,,0.361803547,0.200888881,0.08468343,0.142206711,0.210417431,,
293,2290,NYSEARCA:IEO,NYSEARCA:IYE,NYSEARCA:JKH,NYSEARCA:FVL,NYSEARCA:EVX,,,0.727895592,0.042953482,0.029362379,0.099825892,0.099962655,,
294,2960,NYSEARCA:PXJ,NYSEARCA:VDE,NYSEARCA:XES,NYSEARCA:EWC,NYSEARCA:PTH,,,0.454997275,0.262392157,0.08891458,0.016403179,0.177292808,,
295,670,NYSEARCA:IEZ,NYSEARCA:XOP,NYSEARCA:IHF,,,,,0.426005062,0.314031205,0.259963732,,,,
296,1290,NYSEARCA:PXJ,NYSEARCA:XES,NYSEARCA:PXI,NYSEARCA:JKH,NYSEARCA:FVL,,,0.397305183,0.186084656,0.219319449,0.133716739,0.063573974,,
297,820,NYSEARCA:IEO,NYSEARCA:PXJ,NYSEARCA:EWC,NYSEARCA:FVL,NYSEARCA:IGM,,,0.608759687,0.09590156,0.151400039,0.03487343,0.109065284,,
298,270,NYSEARCA:IEO,NYSEARCA:XOP,NYSEARCA:IYE,NYSEARCA:EWC,NYSEARCA:FVL,,,0.594705026,0.057874954,0.014417875,0.205128897,0.127873248,,
299,1980,NYSEARCA:PXJ,NYSEARCA:PXE,NYSEARCA:XES,NYSEARCA:FVL,NYSEARCA:IGV,,,0.298317992,0.485231692,0.056235254,0.008031843,0.152183219,,
300,4330,NYSEARCA:XOP,NYSEARCA:XME,NYSEARCA:XLB,,,,,0.795519024,0.01822881,0.186252166,,,,
301,1480,NYSEARCA:XOP,NYSEARCA:PXJ,NYSEARCA:XES,NYSEARCA:IYM,NYSEARCA:PYZ,,,0.482052903,0.038093819,0.089184969,0.321840224,0.068828085,,
302,2840,NYSEARCA:PXJ,NYSEARCA:XLE,NYSEARCA:IYM,NYSEARCA:JKH,NYSEARCA:EVX,,,0.523026649,0.146551032,0.154265667,0.121259861,0.054896791,,
303,520,NYSEARCA:XES,NYSEARCA:XLE,NYSEARCA:XME,NYSEARCA:RYH,,,,0.536231816,0.082168408,0.194708814,0.186890962,,,
304,500,NYSEARCA:IEO,NYSEARCA:RYE,NYSEARCA:XOP,NYSEARCA:PXE,NYSEARCA:XLB,,,0.166583055,0.427515396,0.179725377,0.020398745,0.205777427,,
305,1720,NYSEARCA:PXE,NYSEARCA:VDE,NYSEARCA:XES,NYSEARCA:IYM,,,,0.382869315,0.270989501,0.087032479,0.259108705,,,
306,1890,NYSEARCA:PXJ,NYSEARCA:PXE,NYSEARCA:IYM,NYSEARCA:JKH,NYSEARCA:FVL,,,0.282623049,0.489648298,0.082426587,0.115503349,0.029798718,,
307,680,NYSEARCA:IEO,NYSEARCA:IEZ,NYSEARCA:EWC,NYSEARCA:JKH,NYSEARCA:FVL,,,0.484142981,0.166610332,0.171421142,0.125003905,0.052821639,,
308,4310,NYSEARCA:PXJ,NYSEARCA:PXI,NYSEARCA:IYM,,,,,0.381466897,0.346813791,0.271719312,,,,
309,1680,NYSEARCA:IEO,NYSEARCA:RYE,NYSEARCA:IEZ,NYSEARCA:EVX,,,,0.338370542,0.374752149,0.083028553,0.203848757,,,
310,420,NYSEARCA:PXJ,NYSEARCA:XES,NYSEARCA:JKH,NYSEARCA:EVX,NYSEARCA:IGM,,,0.499321506,0.234475853,0.143911344,0.038747225,0.083544072,,
311,1900,NYSEARCA:IEZ,NYSEARCA:XES,NYSEARCA:VAW,NYSEARCA:PYZ,,,,0.518368797,0.012002366,0.284705239,0.184923598,,,
312,520,NYSEARCA:XES,NYSEARCA:XME,NYSEARCA:IYM,NYSEARCA:IGV,,,,0.566829378,0.102722151,0.164952414,0.165496057,,,
313,1240,NYSEARCA:RYE,NYSEARCA:IEZ,NYSEARCA:IYE,NYSEARCA:IYM,NYSEARCA:EVX,,,0.513400193,0.20580215,0.058474825,0.02585966,0.196463172,,
314,630,NYSEARCA:IEZ,NYSEARCA:IYE,NYSEARCA:IYM,NYSEARCA:JKH,NYSEARCA:FVL,,,0.386679939,0.320149478,0.050836919,0.150496404,0.091837259,,
315,1240,NYSEARCA:RYE,NYSEARCA:VDE,NYSEARCA:XES,NYSEARCA:EWC,NYSEARCA:JKH,,,0.547753067,0.178207419,0.014598409,0.221575958,0.037865147,,
316,160,NYSEARCA:RYE,NYSEARCA:IYE,NYSEARCA:XES,NYSEARCA:IHF,,,,0.600304966,0.052665249,0.173841569,0.173188216,,,
317,190,NYSEARCA:IYE,NYSEARCA:PXI,NYSEARCA:XME,NYSEARCA:PYZ,,,,0.683358306,0.225816875,0.036378797,0.054446022,,,
318,1720,NYSEARCA:XOP,NYSEARCA:IYE,NYSEARCA:IYM,,,,,0.395266922,0.285330824,0.319402254,,,,
319,1310,NYSEARCA:IEZ,NYSEARCA:VDE,NYSEARCA:PXI,NYSEARCA:VAW,NYSEARCA:PYZ,,,0.203178745,0.450992243,0.184872522,0.020631224,0.140325266,,
320,2950,NYSEARCA:PXJ,NYSEARCA:VDE,NYSEARCA:ITA,NYSEARCA:IHF,,,,0.528201666,0.13300929,0.315213999,0.023575045,,,
321,4570,NYSEARCA:XES,NYSEARCA:XLE,NYSEARCA:IYM,NYSEARCA:IGV,,,,0.507957608,0.138368735,0.250859344,0.102814312,,,
322,580,NYSEARCA:XOP,NYSEARCA:XES,NYSEARCA:FVL,NYSEARCA:IGM,,,,0.550440446,0.253448373,0.09841579,0.097695391,,,
323,130,NYSEARCA:RYE,NYSEARCA:IEZ,NYSEARCA:IYM,NYSEARCA:VAW,NYSEARCA:PYZ,,,0.565338672,0.066566094,0.207249397,0.014059415,0.146786422,,
324,250,NYSEARCA:PXE,NYSEARCA:XES,NYSEARCA:XME,NYSEARCA:IGM,,,,0.540755847,0.265514259,0.04771306,0.146016834,,,
325,930,NYSEARCA:VDE,NYSEARCA:XES,NYSEARCA:IHI,NYSEARCA:XME,NYSEARCA:IHF,,,0.192908151,0.428371896,0.027213981,0.166998583,0.184507389,,
326,330,NYSEARCA:PXJ,NYSEARCA:XES,NYSEARCA:XLE,NYSEARCA:IYM,NYSEARCA:FVL,,,0.297994787,0.227451988,0.092308769,0.201702435,0.180542021,,
327,190,NYSEARCA:RYE,NYSEARCA:XES,NYSEARCA:IYM,NYSEARCA:EVX,NYSEARCA:IGM,,,0.653028015,0.121939757,0.0936513,0.02052124,0.110859689,,
